scenario_id,target_NH3_t_per_day,hour,P_load_MW,P_wind_MW,P_pv_MW,P_re_MW,P_alk_MW,P_pem_MW,P_nh3_MW,plant_load_ratio,P_buy_MW,P_sell_MW,P_curtail_MW,NH3_t,H2_prod_kg,H2_cons_kg,alk_load_ratio,pem_load_ratio,nh3_load_ratio,cost_yuan,sell_revenue_yuan,net_cost_yuan
W1_P1,72.0,0,1.3698,9.776,0.0,9.776,20.0,20.0,1.5,1.0,33.0938,0.0,0.0,3.0,600.0,600.0,1.0,1.0,1.0,17800.71712,0.0,17800.71712
W1_P1,72.0,1,1.0998,10.904,0.0,10.904,20.0,20.0,1.5,1.0,31.6958,0.0,0.0,3.0,600.0,600.0,1.0,1.0,1.0,17491.24192,0.0,17491.24192
W1_P1,72.0,2,0.7998,15.152,0.0,15.152,20.0,20.0,1.5,1.0,27.1478,0.0,0.0,3.0,600.0,600.0,1.0,1.0,1.0,16571.20672,0.0,16571.20672
W1_P1,72.0,3,0.99,13.312,0.0,13.312,20.0,20.0,1.5,1.0,29.178,0.0,0.0,3.0,600.0,600.0,1.0,1.0,1.0,16990.3472,0.0,16990.3472
W1_P1,72.0,4,1.1802,15.072,0.0,15.072,20.0,20.0,1.5,1.0,27.6082,0.0,0.0,3.0,600.0,600.0,1.0,1.0,1.0,16716.84768,0.0,16716.84768
W1_P1,72.0,5,1.6302,18.724,0.0,18.724,20.0,20.0,1.5,1.0,24.4062,0.0,0.0,3.0,600.0,600.0,1.0,1.0,1.0,16168.28288,0.0,16168.28288
W1_P1,72.0,6,2.5002,9.628,14.08,23.708,20.0,20.0,1.5,1.0,20.2922,0.0,0.0,3.0,600.0,600.0,1.0,1.0,1.0,15084.84928,0.0,15084.84928
W1_P1,72.0,7,3.3702,22.804,25.6,48.404,20.0,20.0,1.5,1.0,0.0,3.5338,0.0,3.0,600.0,600.0,1.0,1.0,1.0,11495.6,1335.42302,10160.17698
W1_P1,72.0,8,4.0098,17.852,37.12,54.972,20.0,20.0,1.5,1.0,0.0,9.4622,0.0,3.0,600.0,600.0,1.0,1.0,1.0,12135.2,3575.76538,8559.43462
W1_P1,72.0,9,4.2,14.328,46.08,60.408,20.0,20.0,1.5,1.0,0.0,14.708,0.0,3.0,600.0,600.0,1.0,1.0,1.0,12681.8,5558.1532,7123.6468
W1_P1,72.0,10,4.1202,11.904,52.48,64.384,20.0,20.0,1.5,1.0,0.0,18.7638,0.0,3.0,600.0,600.0,1.0,1.0,1.0,13086.2,7090.84002,5995.35998
W1_P1,72.0,11,3.9,7.736,55.04,62.776,20.0,20.0,1.5,1.0,0.0,17.376,0.0,3.0,600.0,600.0,1.0,1.0,1.0,12768.2,6566.3904,6201.8096
W1_P1,72.0,12,3.2598,8.556,56.32,64.876,20.0,20.0,1.5,1.0,0.0,20.1162,0.0,3.0,600.0,600.0,1.0,1.0,1.0,13044.8,7601.91198,5442.88802
W1_P1,72.0,13,2.6898,14.52,56.32,70.84,20.0,20.0,1.5,1.0,0.0,26.6502,0.0,3.0,600.0,600.0,1.0,1.0,1.0,13939.4,10071.11058,3868.28942
W1_P1,72.0,14,3.63,6.708,52.48,59.188,20.0,20.0,1.5,1.0,0.0,14.058,0.0,3.0,600.0,600.0,1.0,1.0,1.0,12306.8,5312.5182,6994.2818
W1_P1,72.0,15,3.8202,11.176,44.8,55.976,20.0,20.0,1.5,1.0,0.0,10.6558,0.0,3.0,600.0,600.0,1.0,1.0,1.0,12055.4,4026.82682,8028.57318
W1_P1,72.0,16,3.75,10.108,33.28,43.388,20.0,20.0,1.5,1.0,1.862,0.0,0.0,3.0,600.0,600.0,1.0,1.0,1.0,11643.7788,0.0,11643.7788
W1_P1,72.0,17,3.1398,6.384,24.32,30.704,20.0,20.0,1.5,1.0,13.9358,0.0,0.0,3.0,600.0,600.0,1.0,1.0,1.0,17343.60492,0.0,17343.60492
W1_P1,72.0,18,2.61,6.428,11.52,17.948,20.0,20.0,1.5,1.0,26.162,0.0,0.0,3.0,600.0,600.0,1.0,1.0,1.0,28341.9888,0.0,28341.9888
W1_P1,72.0,19,2.1198,5.736,0.0,5.736,20.0,20.0,1.5,1.0,37.8838,0.0,0.0,3.0,600.0,600.0,1.0,1.0,1.0,36261.36112,0.0,36261.36112
W1_P1,72.0,20,1.86,3.752,0.0,3.752,20.0,20.0,1.5,1.0,39.608,0.0,0.0,3.0,600.0,600.0,1.0,1.0,1.0,37347.2592,0.0,37347.2592
W1_P1,72.0,21,1.6302,3.692,0.0,3.692,20.0,20.0,1.5,1.0,39.4382,0.0,0.0,3.0,600.0,600.0,1.0,1.0,1.0,29511.56268,0.0,29511.56268
W1_P1,72.0,22,1.56,4.88,0.0,4.88,20.0,20.0,1.5,1.0,38.18,0.0,0.0,3.0,600.0,600.0,1.0,1.0,1.0,28925.532,0.0,28925.532
W1_P1,72.0,23,1.4802,3.192,0.0,3.192,20.0,20.0,1.5,1.0,39.7882,0.0,0.0,3.0,600.0,600.0,1.0,1.0,1.0,19105.27968,0.0,19105.27968
W1_P1,63.0,0,1.3698,9.776,0.0,9.776,20.0,20.0,1.5,1.0,33.0938,0.0,0.0,3.0,600.0,600.0,1.0,1.0,1.0,17800.71712,0.0,17800.71712
W1_P1,63.0,1,1.0998,10.904,0.0,10.904,20.0,20.0,1.5,1.0,31.6958,0.0,0.0,3.0,600.0,600.0,1.0,1.0,1.0,17491.24192,0.0,17491.24192
W1_P1,63.0,2,0.7998,15.152,0.0,15.152,20.0,20.0,1.5,1.0,27.1478,0.0,0.0,3.0,600.0,600.0,1.0,1.0,1.0,16571.20672,0.0,16571.20672
W1_P1,63.0,3,0.99,13.312,0.0,13.312,20.0,20.0,1.5,1.0,29.178,0.0,0.0,3.0,600.0,600.0,1.0,1.0,1.0,16990.3472,0.0,16990.3472
W1_P1,63.0,4,1.1802,15.072,0.0,15.072,20.0,20.0,1.5,1.0,27.6082,0.0,0.0,3.0,600.0,600.0,1.0,1.0,1.0,16716.84768,0.0,16716.84768
W1_P1,63.0,5,1.6302,18.724,0.0,18.724,20.0,20.0,1.5,1.0,24.4062,0.0,0.0,3.0,600.0,600.0,1.0,1.0,1.0,16168.28288,0.0,16168.28288
W1_P1,63.0,6,2.5002,9.628,14.08,23.708,20.0,20.0,1.5,1.0,20.2922,0.0,0.0,3.0,600.0,600.0,1.0,1.0,1.0,15084.84928,0.0,15084.84928
W1_P1,63.0,7,3.3702,22.804,25.6,48.404,20.0,20.0,1.5,1.0,0.0,3.5338,0.0,3.0,600.0,600.0,1.0,1.0,1.0,11495.6,1335.42302,10160.17698
W1_P1,63.0,8,4.0098,17.852,37.12,54.972,20.0,20.0,1.5,1.0,0.0,9.4622,0.0,3.0,600.0,600.0,1.0,1.0,1.0,12135.2,3575.76538,8559.43462
W1_P1,63.0,9,4.2,14.328,46.08,60.408,20.0,20.0,1.5,1.0,0.0,14.708,0.0,3.0,600.0,600.0,1.0,1.0,1.0,12681.8,5558.1532,7123.6468
W1_P1,63.0,10,4.1202,11.904,52.48,64.384,20.0,20.0,1.5,1.0,0.0,18.7638,0.0,3.0,600.0,600.0,1.0,1.0,1.0,13086.2,7090.84002,5995.35998
W1_P1,63.0,11,3.9,7.736,55.04,62.776,20.0,20.0,1.5,1.0,0.0,17.376,0.0,3.0,600.0,600.0,1.0,1.0,1.0,12768.2,6566.3904,6201.8096
W1_P1,63.0,12,3.2598,8.556,56.32,64.876,20.0,20.0,1.5,1.0,0.0,20.1162,0.0,3.0,600.0,600.0,1.0,1.0,1.0,13044.8,7601.91198,5442.88802
W1_P1,63.0,13,2.6898,14.52,56.32,70.84,20.0,20.0,1.5,1.0,0.0,26.6502,0.0,3.0,600.0,600.0,1.0,1.0,1.0,13939.4,10071.11058,3868.28942
W1_P1,63.0,14,3.63,6.708,52.48,59.188,20.0,20.0,1.5,1.0,0.0,14.058,0.0,3.0,600.0,600.0,1.0,1.0,1.0,12306.8,5312.5182,6994.2818
W1_P1,63.0,15,3.8202,11.176,44.8,55.976,20.0,20.0,1.5,1.0,0.0,10.6558,0.0,3.0,600.0,600.0,1.0,1.0,1.0,12055.4,4026.82682,8028.57318
W1_P1,63.0,16,3.75,10.108,33.28,43.388,20.0,20.0,1.5,1.0,1.862,0.0,0.0,3.0,600.0,600.0,1.0,1.0,1.0,11643.7788,0.0,11643.7788
W1_P1,63.0,17,3.1398,6.384,24.32,30.704,20.0,20.0,1.5,1.0,13.9358,0.0,0.0,3.0,600.0,600.0,1.0,1.0,1.0,17343.60492,0.0,17343.60492
W1_P1,63.0,18,2.61,6.428,11.52,17.948,7.391807,7.391807,0.554386,0.36959,0.0,0.0,0.0,1.108771,221.754217,221.754217,0.36959,0.36959,0.36959,4195.660578,0.0,4195.660578
W1_P1,63.0,19,2.1198,5.736,0.0,5.736,2.0,2.0,0.15,0.1,0.5338,0.0,0.0,0.3,60.0,60.0,0.1,0.1,0.1,1789.02112,0.0,1789.02112
W1_P1,63.0,20,1.86,3.752,0.0,3.752,2.0,2.0,0.15,0.1,2.258,0.0,0.0,0.3,60.0,60.0,0.1,0.1,0.1,2874.9192,0.0,2874.9192
W1_P1,63.0,21,1.6302,3.692,0.0,3.692,8.608193,8.608193,0.645614,0.43041,15.8002,0.0,0.0,1.291229,258.245783,258.245783,0.43041,0.43041,0.43041,12304.180902,0.0,12304.180902
W1_P1,63.0,22,1.56,4.88,0.0,4.88,20.0,20.0,1.5,1.0,38.18,0.0,0.0,3.0,600.0,600.0,1.0,1.0,1.0,28925.532,0.0,28925.532
W1_P1,63.0,23,1.4802,3.192,0.0,3.192,20.0,20.0,1.5,1.0,39.7882,0.0,0.0,3.0,600.0,600.0,1.0,1.0,1.0,19105.27968,0.0,19105.27968
W1_P1,54.0,0,1.3698,9.776,0.0,9.776,20.0,20.0,1.5,1.0,33.0938,0.0,0.0,3.0,600.0,600.0,1.0,1.0,1.0,17800.71712,0.0,17800.71712
W1_P1,54.0,1,1.0998,10.904,0.0,10.904,20.0,20.0,1.5,1.0,31.6958,0.0,0.0,3.0,600.0,600.0,1.0,1.0,1.0,17491.24192,0.0,17491.24192
W1_P1,54.0,2,0.7998,15.152,0.0,15.152,20.0,20.0,1.5,1.0,27.1478,0.0,0.0,3.0,600.0,600.0,1.0,1.0,1.0,16571.20672,0.0,16571.20672
W1_P1,54.0,3,0.99,13.312,0.0,13.312,20.0,20.0,1.5,1.0,29.178,0.0,0.0,3.0,600.0,600.0,1.0,1.0,1.0,16990.3472,0.0,16990.3472
W1_P1,54.0,4,1.1802,15.072,0.0,15.072,20.0,20.0,1.5,1.0,27.6082,0.0,0.0,3.0,600.0,600.0,1.0,1.0,1.0,16716.84768,0.0,16716.84768
W1_P1,54.0,5,1.6302,18.724,0.0,18.724,20.0,20.0,1.5,1.0,24.4062,0.0,0.0,3.0,600.0,600.0,1.0,1.0,1.0,16168.28288,0.0,16168.28288
W1_P1,54.0,6,2.5002,9.628,14.08,23.708,20.0,20.0,1.5,1.0,20.2922,0.0,0.0,3.0,600.0,600.0,1.0,1.0,1.0,15084.84928,0.0,15084.84928
W1_P1,54.0,7,3.3702,22.804,25.6,48.404,20.0,20.0,1.5,1.0,0.0,3.5338,0.0,3.0,600.0,600.0,1.0,1.0,1.0,11495.6,1335.42302,10160.17698
W1_P1,54.0,8,4.0098,17.852,37.12,54.972,20.0,20.0,1.5,1.0,0.0,9.4622,0.0,3.0,600.0,600.0,1.0,1.0,1.0,12135.2,3575.76538,8559.43462
W1_P1,54.0,9,4.2,14.328,46.08,60.408,20.0,20.0,1.5,1.0,0.0,14.708,0.0,3.0,600.0,600.0,1.0,1.0,1.0,12681.8,5558.1532,7123.6468
W1_P1,54.0,10,4.1202,11.904,52.48,64.384,20.0,20.0,1.5,1.0,0.0,18.7638,0.0,3.0,600.0,600.0,1.0,1.0,1.0,13086.2,7090.84002,5995.35998
W1_P1,54.0,11,3.9,7.736,55.04,62.776,20.0,20.0,1.5,1.0,0.0,17.376,0.0,3.0,600.0,600.0,1.0,1.0,1.0,12768.2,6566.3904,6201.8096
W1_P1,54.0,12,3.2598,8.556,56.32,64.876,20.0,20.0,1.5,1.0,0.0,20.1162,0.0,3.0,600.0,600.0,1.0,1.0,1.0,13044.8,7601.91198,5442.88802
W1_P1,54.0,13,2.6898,14.52,56.32,70.84,20.0,20.0,1.5,1.0,0.0,26.6502,0.0,3.0,600.0,600.0,1.0,1.0,1.0,13939.4,10071.11058,3868.28942
W1_P1,54.0,14,3.63,6.708,52.48,59.188,10.22159,10.22159,0.766619,0.51108,0.0,34.3482,0.0,1.533239,306.647711,306.647711,0.51108,0.51108,0.51108,9860.730829,12980.18478,-3119.453951
W1_P1,54.0,15,3.8202,11.176,44.8,55.976,2.0,2.0,0.15,0.1,0.0,48.0058,0.0,0.3,60.0,60.0,0.1,0.1,0.1,7552.7,18141.39182,-10588.69182
W1_P1,54.0,16,3.75,10.108,33.28,43.388,19.102651,19.102651,1.432699,0.955133,0.0,0.0,0.0,2.865398,573.079518,573.079518,0.955133,0.955133,0.955133,10288.328048,0.0,10288.328048
W1_P1,54.0,17,3.1398,6.384,24.32,30.704,13.283952,13.283952,0.996296,0.664198,0.0,0.0,0.0,1.992593,398.518554,398.518554,0.664198,0.664198,0.664198,7198.980545,0.0,7198.980545
W1_P1,54.0,18,2.61,6.428,11.52,17.948,7.391807,7.391807,0.554386,0.36959,0.0,0.0,0.0,1.108771,221.754217,221.754217,0.36959,0.36959,0.36959,4195.660578,0.0,4195.660578
W1_P1,54.0,19,2.1198,5.736,0.0,5.736,2.0,2.0,0.15,0.1,0.5338,0.0,0.0,0.3,60.0,60.0,0.1,0.1,0.1,1789.02112,0.0,1789.02112
W1_P1,54.0,20,1.86,3.752,0.0,3.752,2.0,2.0,0.15,0.1,2.258,0.0,0.0,0.3,60.0,60.0,0.1,0.1,0.1,2874.9192,0.0,2874.9192
W1_P1,54.0,21,1.6302,3.692,0.0,3.692,2.0,2.0,0.15,0.1,2.0882,0.0,0.0,0.3,60.0,60.0,0.1,0.1,0.1,2322.47268,0.0,2322.47268
W1_P1,54.0,22,1.56,4.88,0.0,4.88,2.0,2.0,0.15,0.1,0.83,0.0,0.0,0.3,60.0,60.0,0.1,0.1,0.1,1736.442,0.0,1736.442
W1_P1,54.0,23,1.4802,3.192,0.0,3.192,20.0,20.0,1.5,1.0,39.7882,0.0,0.0,3.0,600.0,600.0,1.0,1.0,1.0,19105.27968,0.0,19105.27968
W1_P1,45.0,0,1.3698,9.776,0.0,9.776,20.0,20.0,1.5,1.0,33.0938,0.0,0.0,3.0,600.0,600.0,1.0,1.0,1.0,17800.71712,0.0,17800.71712
W1_P1,45.0,1,1.0998,10.904,0.0,10.904,20.0,20.0,1.5,1.0,31.6958,0.0,0.0,3.0,600.0,600.0,1.0,1.0,1.0,17491.24192,0.0,17491.24192
W1_P1,45.0,2,0.7998,15.152,0.0,15.152,20.0,20.0,1.5,1.0,27.1478,-0.0,0.0,3.0,600.0,600.0,1.0,1.0,1.0,16571.20672,-0.0,16571.20672
W1_P1,45.0,3,0.99,13.312,0.0,13.312,20.0,20.0,1.5,1.0,29.178,-0.0,0.0,3.0,600.0,600.0,1.0,1.0,1.0,16990.3472,-0.0,16990.3472
W1_P1,45.0,4,1.1802,15.072,0.0,15.072,20.0,20.0,1.5,1.0,27.6082,-0.0,0.0,3.0,600.0,600.0,1.0,1.0,1.0,16716.84768,-0.0,16716.84768
W1_P1,45.0,5,1.6302,18.724,0.0,18.724,20.0,20.0,1.5,1.0,24.4062,-0.0,0.0,3.0,600.0,600.0,1.0,1.0,1.0,16168.28288,-0.0,16168.28288
W1_P1,45.0,6,2.5002,9.628,14.08,23.708,20.0,20.0,1.5,1.0,20.2922,0.0,0.0,3.0,600.0,600.0,1.0,1.0,1.0,15084.84928,0.0,15084.84928
W1_P1,45.0,7,3.3702,22.804,25.6,48.404,20.0,20.0,1.5,1.0,0.0,3.5338,0.0,3.0,600.0,600.0,1.0,1.0,1.0,11495.6,1335.42302,10160.17698
W1_P1,45.0,8,4.0098,17.852,37.12,54.972,20.0,20.0,1.5,1.0,0.0,9.4622,0.0,3.0,600.0,600.0,1.0,1.0,1.0,12135.2,3575.76538,8559.43462
W1_P1,45.0,9,4.2,14.328,46.08,60.408,20.0,20.0,1.5,1.0,0.0,14.708,0.0,3.0,600.0,600.0,1.0,1.0,1.0,12681.8,5558.1532,7123.6468
W1_P1,45.0,10,4.1202,11.904,52.48,64.384,20.0,20.0,1.5,1.0,0.0,18.7638,0.0,3.0,600.0,600.0,1.0,1.0,1.0,13086.2,7090.84002,5995.35998
W1_P1,45.0,11,3.9,7.736,55.04,62.776,20.0,20.0,1.5,1.0,0.0,17.376,0.0,3.0,600.0,600.0,1.0,1.0,1.0,12768.2,6566.3904,6201.8096
W1_P1,45.0,12,3.2598,8.556,56.32,64.876,20.0,20.0,1.5,1.0,0.0,20.1162,0.0,3.0,600.0,600.0,1.0,1.0,1.0,13044.8,7601.91198,5442.88802
W1_P1,45.0,13,2.6898,14.52,56.32,70.84,2.0,2.0,0.15,0.1,0.0,64.0002,0.0,0.3,60.0,60.0,0.1,0.1,0.1,9436.7,24185.67558,-14748.97558
W1_P1,45.0,14,3.63,6.708,52.48,59.188,2.0,2.0,0.15,0.1,0.0,51.408,0.0,0.3,60.0,60.0,0.1,0.1,0.1,7804.1,19427.0832,-11622.9832
W1_P1,45.0,15,3.8202,11.176,44.8,55.976,2.0,2.0,0.15,0.1,0.0,48.0058,0.0,0.3,60.0,60.0,0.1,0.1,0.1,7552.7,18141.39182,-10588.69182
W1_P1,45.0,16,3.75,10.108,33.28,43.388,2.0,2.0,0.15,0.1,0.0,35.488,0.0,0.3,60.0,60.0,0.1,0.1,0.1,6010.1,13410.9152,-7400.8152
W1_P1,45.0,17,3.1398,6.384,24.32,30.704,2.0,2.0,0.15,0.1,0.0,23.4142,0.0,0.3,60.0,60.0,0.1,0.1,0.1,4376.3,8848.22618,-4471.92618
W1_P1,45.0,18,2.61,6.428,11.52,17.948,2.0,2.0,0.15,0.1,0.0,11.188,0.0,0.3,60.0,60.0,0.1,0.1,0.1,2846.9,4227.9452,-1381.0452
W1_P1,45.0,19,2.1198,5.736,0.0,5.736,2.0,2.0,0.15,0.1,0.5338,0.0,0.0,0.3,60.0,60.0,0.1,0.1,0.1,1789.02112,0.0,1789.02112
W1_P1,45.0,20,1.86,3.752,0.0,3.752,2.0,2.0,0.15,0.1,2.258,0.0,0.0,0.3,60.0,60.0,0.1,0.1,0.1,2874.9192,0.0,2874.9192
W1_P1,45.0,21,1.6302,3.692,0.0,3.692,2.0,2.0,0.15,0.1,2.0882,0.0,0.0,0.3,60.0,60.0,0.1,0.1,0.1,2322.47268,0.0,2322.47268
W1_P1,45.0,22,1.56,4.88,0.0,4.88,2.0,2.0,0.15,0.1,0.83,0.0,0.0,0.3,60.0,60.0,0.1,0.1,0.1,1736.442,0.0,1736.442
W1_P1,45.0,23,1.4802,3.192,0.0,3.192,20.0,20.0,1.5,1.0,39.7882,0.0,0.0,3.0,600.0,600.0,1.0,1.0,1.0,19105.27968,0.0,19105.27968
W1_P1,36.0,0,1.3698,9.776,0.0,9.776,20.0,20.0,1.5,1.0,33.0938,0.0,0.0,3.0,600.0,600.0,1.0,1.0,1.0,17800.71712,0.0,17800.71712
W1_P1,36.0,1,1.0998,10.904,0.0,10.904,20.0,20.0,1.5,1.0,31.6958,0.0,0.0,3.0,600.0,600.0,1.0,1.0,1.0,17491.24192,0.0,17491.24192
W1_P1,36.0,2,0.7998,15.152,0.0,15.152,20.0,20.0,1.5,1.0,27.1478,-0.0,0.0,3.0,600.0,600.0,1.0,1.0,1.0,16571.20672,-0.0,16571.20672
W1_P1,36.0,3,0.99,13.312,0.0,13.312,20.0,20.0,1.5,1.0,29.178,-0.0,0.0,3.0,600.0,600.0,1.0,1.0,1.0,16990.3472,-0.0,16990.3472
W1_P1,36.0,4,1.1802,15.072,0.0,15.072,20.0,20.0,1.5,1.0,27.6082,-0.0,0.0,3.0,600.0,600.0,1.0,1.0,1.0,16716.84768,-0.0,16716.84768
W1_P1,36.0,5,1.6302,18.724,0.0,18.724,20.0,20.0,1.5,1.0,24.4062,-0.0,0.0,3.0,600.0,600.0,1.0,1.0,1.0,16168.28288,-0.0,16168.28288
W1_P1,36.0,6,2.5002,9.628,14.08,23.708,20.0,20.0,1.5,1.0,20.2922,0.0,0.0,3.0,600.0,600.0,1.0,1.0,1.0,15084.84928,0.0,15084.84928
W1_P1,36.0,7,3.3702,22.804,25.6,48.404,20.0,20.0,1.5,1.0,0.0,3.5338,0.0,3.0,600.0,600.0,1.0,1.0,1.0,11495.6,1335.42302,10160.17698
W1_P1,36.0,8,4.0098,17.852,37.12,54.972,20.0,20.0,1.5,1.0,0.0,9.4622,0.0,3.0,600.0,600.0,1.0,1.0,1.0,12135.2,3575.76538,8559.43462
W1_P1,36.0,9,4.2,14.328,46.08,60.408,14.0,14.0,1.05,0.7,0.0,27.158,0.0,2.1,420.0,420.0,0.7,0.7,0.7,11180.9,10263.0082,917.8918
W1_P1,36.0,10,4.1202,11.904,52.48,64.384,2.0,2.0,0.15,0.1,0.0,56.1138,0.0,0.3,60.0,60.0,0.1,0.1,0.1,8583.5,21205.40502,-12621.90502
W1_P1,36.0,11,3.9,7.736,55.04,62.776,2.0,2.0,0.15,0.1,0.0,54.726,0.0,0.3,60.0,60.0,0.1,0.1,0.1,8265.5,20680.9554,-12415.4554
W1_P1,36.0,12,3.2598,8.556,56.32,64.876,2.0,2.0,0.15,0.1,0.0,57.4662,0.0,0.3,60.0,60.0,0.1,0.1,0.1,8542.1,21716.47698,-13174.37698
W1_P1,36.0,13,2.6898,14.52,56.32,70.84,2.0,2.0,0.15,0.1,0.0,64.0002,0.0,0.3,60.0,60.0,0.1,0.1,0.1,9436.7,24185.67558,-14748.97558
W1_P1,36.0,14,3.63,6.708,52.48,59.188,2.0,2.0,0.15,0.1,0.0,51.408,0.0,0.3,60.0,60.0,0.1,0.1,0.1,7804.1,19427.0832,-11622.9832
W1_P1,36.0,15,3.8202,11.176,44.8,55.976,2.0,2.0,0.15,0.1,0.0,48.0058,0.0,0.3,60.0,60.0,0.1,0.1,0.1,7552.7,18141.39182,-10588.69182
W1_P1,36.0,16,3.75,10.108,33.28,43.388,2.0,2.0,0.15,0.1,0.0,35.488,0.0,0.3,60.0,60.0,0.1,0.1,0.1,6010.1,13410.9152,-7400.8152
W1_P1,36.0,17,3.1398,6.384,24.32,30.704,2.0,2.0,0.15,0.1,0.0,23.4142,0.0,0.3,60.0,60.0,0.1,0.1,0.1,4376.3,8848.22618,-4471.92618
W1_P1,36.0,18,2.61,6.428,11.52,17.948,2.0,2.0,0.15,0.1,0.0,11.188,0.0,0.3,60.0,60.0,0.1,0.1,0.1,2846.9,4227.9452,-1381.0452
W1_P1,36.0,19,2.1198,5.736,0.0,5.736,2.0,2.0,0.15,0.1,0.5338,0.0,0.0,0.3,60.0,60.0,0.1,0.1,0.1,1789.02112,0.0,1789.02112
W1_P1,36.0,20,1.86,3.752,0.0,3.752,2.0,2.0,0.15,0.1,2.258,0.0,0.0,0.3,60.0,60.0,0.1,0.1,0.1,2874.9192,0.0,2874.9192
W1_P1,36.0,21,1.6302,3.692,0.0,3.692,2.0,2.0,0.15,0.1,2.0882,0.0,0.0,0.3,60.0,60.0,0.1,0.1,0.1,2322.47268,0.0,2322.47268
W1_P1,36.0,22,1.56,4.88,0.0,4.88,2.0,2.0,0.15,0.1,0.83,0.0,0.0,0.3,60.0,60.0,0.1,0.1,0.1,1736.442,0.0,1736.442
W1_P1,36.0,23,1.4802,3.192,0.0,3.192,20.0,20.0,1.5,1.0,39.7882,0.0,0.0,3.0,600.0,600.0,1.0,1.0,1.0,19105.27968,0.0,19105.27968
W1_P2,72.0,0,1.3698,9.776,0.0,9.776,20.0,20.0,1.5,1.0,33.0938,0.0,0.0,3.0,600.0,600.0,1.0,1.0,1.0,17800.71712,0.0,17800.71712
W1_P2,72.0,1,1.0998,10.904,0.0,10.904,20.0,20.0,1.5,1.0,31.6958,0.0,0.0,3.0,600.0,600.0,1.0,1.0,1.0,17491.24192,0.0,17491.24192
W1_P2,72.0,2,0.7998,15.152,0.0,15.152,20.0,20.0,1.5,1.0,27.1478,0.0,0.0,3.0,600.0,600.0,1.0,1.0,1.0,16571.20672,0.0,16571.20672
W1_P2,72.0,3,0.99,13.312,0.0,13.312,20.0,20.0,1.5,1.0,29.178,0.0,0.0,3.0,600.0,600.0,1.0,1.0,1.0,16990.3472,0.0,16990.3472
W1_P2,72.0,4,1.1802,15.072,0.0,15.072,20.0,20.0,1.5,1.0,27.6082,0.0,0.0,3.0,600.0,600.0,1.0,1.0,1.0,16716.84768,0.0,16716.84768
W1_P2,72.0,5,1.6302,18.724,0.0,18.724,20.0,20.0,1.5,1.0,24.4062,0.0,0.0,3.0,600.0,600.0,1.0,1.0,1.0,16168.28288,0.0,16168.28288
W1_P2,72.0,6,2.5002,9.628,0.0,9.628,20.0,20.0,1.5,1.0,34.3722,0.0,0.0,3.0,600.0,600.0,1.0,1.0,1.0,18216.24128,0.0,18216.24128
W1_P2,72.0,7,3.3702,22.804,3.2,26.004,20.0,20.0,1.5,1.0,18.8662,0.0,0.0,3.0,600.0,600.0,1.0,1.0,1.0,20266.92988,0.0,20266.92988
W1_P2,72.0,8,4.0098,17.852,10.88,28.732,20.0,20.0,1.5,1.0,16.7778,0.0,0.0,3.0,600.0,600.0,1.0,1.0,1.0,19177.23572,0.0,19177.23572
W1_P2,72.0,9,4.2,14.328,17.92,32.248,20.0,20.0,1.5,1.0,13.452,0.0,0.0,3.0,600.0,600.0,1.0,1.0,1.0,17473.3448,0.0,17473.3448
W1_P2,72.0,10,4.1202,11.904,24.96,36.864,20.0,20.0,1.5,1.0,8.7562,0.0,0.0,3.0,600.0,600.0,1.0,1.0,1.0,16809.77488,0.0,16809.77488
W1_P2,72.0,11,3.9,7.736,31.36,39.096,20.0,20.0,1.5,1.0,6.304,0.0,0.0,3.0,600.0,600.0,1.0,1.0,1.0,14984.9296,0.0,14984.9296
W1_P2,72.0,12,3.2598,8.556,35.84,44.396,20.0,20.0,1.5,1.0,0.3638,0.0,0.0,3.0,600.0,600.0,1.0,1.0,1.0,10879.11312,0.0,10879.11312
W1_P2,72.0,13,2.6898,14.52,37.12,51.64,20.0,20.0,1.5,1.0,0.0,7.4502,0.0,3.0,600.0,600.0,1.0,1.0,1.0,11635.4,2815.43058,8819.96942
W1_P2,72.0,14,3.63,6.708,32.0,38.708,20.0,20.0,1.5,1.0,6.422,0.0,0.0,3.0,600.0,600.0,1.0,1.0,1.0,15002.2128,0.0,15002.2128
W1_P2,72.0,15,3.8202,11.176,25.6,36.776,20.0,20.0,1.5,1.0,8.5442,0.0,0.0,3.0,600.0,600.0,1.0,1.0,1.0,14941.14708,0.0,14941.14708
W1_P2,72.0,16,3.75,10.108,19.2,29.308,20.0,20.0,1.5,1.0,15.942,0.0,0.0,3.0,600.0,600.0,1.0,1.0,1.0,18506.3708,0.0,18506.3708
W1_P2,72.0,17,3.1398,6.384,9.6,15.984,20.0,20.0,1.5,1.0,28.6558,0.0,0.0,3.0,600.0,600.0,1.0,1.0,1.0,24518.13292,0.0,24518.13292
W1_P2,72.0,18,2.61,6.428,3.2,9.628,20.0,20.0,1.5,1.0,34.482,0.0,0.0,3.0,600.0,600.0,1.0,1.0,1.0,34019.5568,0.0,34019.5568
W1_P2,72.0,19,2.1198,5.736,0.0,5.736,20.0,20.0,1.5,1.0,37.8838,0.0,0.0,3.0,600.0,600.0,1.0,1.0,1.0,36261.36112,0.0,36261.36112
W1_P2,72.0,20,1.86,3.752,0.0,3.752,20.0,20.0,1.5,1.0,39.608,0.0,0.0,3.0,600.0,600.0,1.0,1.0,1.0,37347.2592,0.0,37347.2592
W1_P2,72.0,21,1.6302,3.692,0.0,3.692,20.0,20.0,1.5,1.0,39.4382,0.0,0.0,3.0,600.0,600.0,1.0,1.0,1.0,29511.56268,0.0,29511.56268
W1_P2,72.0,22,1.56,4.88,0.0,4.88,20.0,20.0,1.5,1.0,38.18,0.0,0.0,3.0,600.0,600.0,1.0,1.0,1.0,28925.532,0.0,28925.532
W1_P2,72.0,23,1.4802,3.192,0.0,3.192,20.0,20.0,1.5,1.0,39.7882,0.0,0.0,3.0,600.0,600.0,1.0,1.0,1.0,19105.27968,0.0,19105.27968
W1_P2,63.0,0,1.3698,9.776,0.0,9.776,20.0,20.0,1.5,1.0,33.0938,0.0,0.0,3.0,600.0,600.0,1.0,1.0,1.0,17800.71712,0.0,17800.71712
W1_P2,63.0,1,1.0998,10.904,0.0,10.904,20.0,20.0,1.5,1.0,31.6958,0.0,0.0,3.0,600.0,600.0,1.0,1.0,1.0,17491.24192,0.0,17491.24192
W1_P2,63.0,2,0.7998,15.152,0.0,15.152,20.0,20.0,1.5,1.0,27.1478,0.0,0.0,3.0,600.0,600.0,1.0,1.0,1.0,16571.20672,0.0,16571.20672
W1_P2,63.0,3,0.99,13.312,0.0,13.312,20.0,20.0,1.5,1.0,29.178,0.0,0.0,3.0,600.0,600.0,1.0,1.0,1.0,16990.3472,0.0,16990.3472
W1_P2,63.0,4,1.1802,15.072,0.0,15.072,20.0,20.0,1.5,1.0,27.6082,0.0,0.0,3.0,600.0,600.0,1.0,1.0,1.0,16716.84768,0.0,16716.84768
W1_P2,63.0,5,1.6302,18.724,0.0,18.724,20.0,20.0,1.5,1.0,24.4062,0.0,0.0,3.0,600.0,600.0,1.0,1.0,1.0,16168.28288,0.0,16168.28288
W1_P2,63.0,6,2.5002,9.628,0.0,9.628,20.0,20.0,1.5,1.0,34.3722,0.0,0.0,3.0,600.0,600.0,1.0,1.0,1.0,18216.24128,0.0,18216.24128
W1_P2,63.0,7,3.3702,22.804,3.2,26.004,20.0,20.0,1.5,1.0,18.8662,0.0,0.0,3.0,600.0,600.0,1.0,1.0,1.0,20266.92988,0.0,20266.92988
W1_P2,63.0,8,4.0098,17.852,10.88,28.732,20.0,20.0,1.5,1.0,16.7778,0.0,0.0,3.0,600.0,600.0,1.0,1.0,1.0,19177.23572,0.0,19177.23572
W1_P2,63.0,9,4.2,14.328,17.92,32.248,20.0,20.0,1.5,1.0,13.452,0.0,0.0,3.0,600.0,600.0,1.0,1.0,1.0,17473.3448,0.0,17473.3448
W1_P2,63.0,10,4.1202,11.904,24.96,36.864,15.780145,15.780145,1.183511,0.789007,0.0,0.0,0.0,2.367022,473.404337,473.404337,0.789007,0.789007,0.789007,8728.203166,0.0,8728.203166
W1_P2,63.0,11,3.9,7.736,31.36,39.096,16.961928,16.961928,1.272145,0.848096,0.0,0.0,0.0,2.544289,508.857831,508.857831,0.848096,0.848096,0.848096,9166.626217,0.0,9166.626217
W1_P2,63.0,12,3.2598,8.556,35.84,44.396,19.824675,19.824675,1.486851,0.991234,0.0,0.0,0.0,2.973701,594.740241,594.740241,0.991234,0.991234,0.991234,10543.342376,0.0,10543.342376
W1_P2,63.0,13,2.6898,14.52,37.12,51.64,20.0,20.0,1.5,1.0,0.0,7.4502,0.0,3.0,600.0,600.0,1.0,1.0,1.0,11635.4,2815.43058,8819.96942
W1_P2,63.0,14,3.63,6.708,32.0,38.708,16.90506,16.90506,1.26788,0.845253,0.0,0.0,0.0,2.535759,507.151807,507.151807,0.845253,0.845253,0.845253,9075.000819,0.0,9075.000819
W1_P2,63.0,15,3.8202,11.176,25.6,36.776,20.0,20.0,1.5,1.0,8.5442,0.0,0.0,3.0,600.0,600.0,1.0,1.0,1.0,14941.14708,0.0,14941.14708
W1_P2,63.0,16,3.75,10.108,19.2,29.308,20.0,20.0,1.5,1.0,15.942,0.0,0.0,3.0,600.0,600.0,1.0,1.0,1.0,18506.3708,0.0,18506.3708
W1_P2,63.0,17,3.1398,6.384,9.6,15.984,20.0,20.0,1.5,1.0,28.6558,0.0,0.0,3.0,600.0,600.0,1.0,1.0,1.0,24518.13292,0.0,24518.13292
W1_P2,63.0,18,2.61,6.428,3.2,9.628,3.382169,3.382169,0.253663,0.169108,0.0,-0.0,0.0,0.507325,101.46506,101.46506,0.169108,0.169108,0.169108,2194.249494,-0.0,2194.249494
W1_P2,63.0,19,2.1198,5.736,0.0,5.736,2.0,2.0,0.15,0.1,0.5338,0.0,0.0,0.3,60.0,60.0,0.1,0.1,0.1,1789.02112,0.0,1789.02112
W1_P2,63.0,20,1.86,3.752,0.0,3.752,5.146024,5.146024,0.385952,0.257301,8.786,0.0,0.0,0.771904,154.380723,154.380723,0.257301,0.257301,0.257301,8899.964328,0.0,8899.964328
W1_P2,63.0,21,1.6302,3.692,0.0,3.692,20.0,20.0,1.5,1.0,39.4382,0.0,0.0,3.0,600.0,600.0,1.0,1.0,1.0,29511.56268,0.0,29511.56268
W1_P2,63.0,22,1.56,4.88,0.0,4.88,20.0,20.0,1.5,1.0,38.18,0.0,0.0,3.0,600.0,600.0,1.0,1.0,1.0,28925.532,0.0,28925.532
W1_P2,63.0,23,1.4802,3.192,0.0,3.192,20.0,20.0,1.5,1.0,39.7882,0.0,0.0,3.0,600.0,600.0,1.0,1.0,1.0,19105.27968,0.0,19105.27968
W1_P2,54.0,0,1.3698,9.776,0.0,9.776,20.0,20.0,1.5,1.0,33.0938,0.0,0.0,3.0,600.0,600.0,1.0,1.0,1.0,17800.71712,0.0,17800.71712
W1_P2,54.0,1,1.0998,10.904,0.0,10.904,20.0,20.0,1.5,1.0,31.6958,0.0,0.0,3.0,600.0,600.0,1.0,1.0,1.0,17491.24192,0.0,17491.24192
W1_P2,54.0,2,0.7998,15.152,0.0,15.152,20.0,20.0,1.5,1.0,27.1478,0.0,0.0,3.0,600.0,600.0,1.0,1.0,1.0,16571.20672,0.0,16571.20672
W1_P2,54.0,3,0.99,13.312,0.0,13.312,20.0,20.0,1.5,1.0,29.178,0.0,0.0,3.0,600.0,600.0,1.0,1.0,1.0,16990.3472,0.0,16990.3472
W1_P2,54.0,4,1.1802,15.072,0.0,15.072,20.0,20.0,1.5,1.0,27.6082,0.0,0.0,3.0,600.0,600.0,1.0,1.0,1.0,16716.84768,0.0,16716.84768
W1_P2,54.0,5,1.6302,18.724,0.0,18.724,20.0,20.0,1.5,1.0,24.4062,0.0,0.0,3.0,600.0,600.0,1.0,1.0,1.0,16168.28288,0.0,16168.28288
W1_P2,54.0,6,2.5002,9.628,0.0,9.628,20.0,20.0,1.5,1.0,34.3722,0.0,0.0,3.0,600.0,600.0,1.0,1.0,1.0,18216.24128,0.0,18216.24128
W1_P2,54.0,7,3.3702,22.804,3.2,26.004,10.907855,10.907855,0.818089,0.545393,0.0,-0.0,0.0,1.636178,327.235663,327.235663,0.545393,0.545393,0.545393,6533.200034,-0.0,6533.200034
W1_P2,54.0,8,4.0098,17.852,10.88,28.732,11.914313,11.914313,0.893573,0.595716,0.0,-0.0,0.0,1.787147,357.429398,357.429398,0.595716,0.595716,0.595716,6963.76546,-0.0,6963.76546
W1_P2,54.0,9,4.2,14.328,17.92,32.248,13.517108,13.517108,1.013783,0.675855,-0.0,0.0,0.0,2.027566,405.513253,405.513253,0.675855,0.675855,0.675855,7680.904675,0.0,7680.904675
W1_P2,54.0,10,4.1202,11.904,24.96,36.864,15.780145,15.780145,1.183511,0.789007,0.0,0.0,0.0,2.367022,473.404337,473.404337,0.789007,0.789007,0.789007,8728.203166,0.0,8728.203166
W1_P2,54.0,11,3.9,7.736,31.36,39.096,16.961928,16.961928,1.272145,0.848096,0.0,0.0,0.0,2.544289,508.857831,508.857831,0.848096,0.848096,0.848096,9166.626217,0.0,9166.626217
W1_P2,54.0,12,3.2598,8.556,35.84,44.396,19.824675,19.824675,1.486851,0.991234,0.0,0.0,0.0,2.973701,594.740241,594.740241,0.991234,0.991234,0.991234,10543.342376,0.0,10543.342376
W1_P2,54.0,13,2.6898,14.52,37.12,51.64,20.0,20.0,1.5,1.0,0.0,7.4502,0.0,3.0,600.0,600.0,1.0,1.0,1.0,11635.4,2815.43058,8819.96942
W1_P2,54.0,14,3.63,6.708,32.0,38.708,16.90506,16.90506,1.26788,0.845253,0.0,0.0,0.0,2.535759,507.151807,507.151807,0.845253,0.845253,0.845253,9075.000819,0.0,9075.000819
W1_P2,54.0,15,3.8202,11.176,25.6,36.776,15.882313,15.882313,1.191173,0.794116,0.0,0.0,0.0,2.382347,476.469398,476.469398,0.794116,0.794116,0.794116,8721.36066,0.0,8721.36066
W1_P2,54.0,16,3.75,10.108,19.2,29.308,12.317108,12.317108,0.923783,0.615855,0.0,-0.0,0.0,1.847566,369.513253,369.513253,0.615855,0.615855,0.615855,6901.324675,-0.0,6901.324675
W1_P2,54.0,17,3.1398,6.384,9.6,15.984,6.189976,6.189976,0.464248,0.309499,0.0,0.0,0.0,0.928496,185.699277,185.699277,0.309499,0.309499,0.309499,3658.022472,0.0,3658.022472
W1_P2,54.0,18,2.61,6.428,3.2,9.628,3.382169,3.382169,0.253663,0.169108,0.0,-0.0,0.0,0.507325,101.46506,101.46506,0.169108,0.169108,0.169108,2194.249494,-0.0,2194.249494
W1_P2,54.0,19,2.1198,5.736,0.0,5.736,2.0,2.0,0.15,0.1,0.5338,0.0,0.0,0.3,60.0,60.0,0.1,0.1,0.1,1789.02112,0.0,1789.02112
W1_P2,54.0,20,1.86,3.752,0.0,3.752,2.0,2.0,0.15,0.1,2.258,0.0,0.0,0.3,60.0,60.0,0.1,0.1,0.1,2874.9192,0.0,2874.9192
W1_P2,54.0,21,1.6302,3.692,0.0,3.692,12.417349,12.417349,0.931301,0.620867,23.7042,0.0,0.0,1.862602,372.520482,372.520482,0.620867,0.620867,0.620867,18057.931032,0.0,18057.931032
W1_P2,54.0,22,1.56,4.88,0.0,4.88,20.0,20.0,1.5,1.0,38.18,0.0,0.0,3.0,600.0,600.0,1.0,1.0,1.0,28925.532,0.0,28925.532
W1_P2,54.0,23,1.4802,3.192,0.0,3.192,20.0,20.0,1.5,1.0,39.7882,0.0,0.0,3.0,600.0,600.0,1.0,1.0,1.0,19105.27968,0.0,19105.27968
W1_P2,45.0,0,1.3698,9.776,0.0,9.776,20.0,20.0,1.5,1.0,33.0938,0.0,0.0,3.0,600.0,600.0,1.0,1.0,1.0,17800.71712,0.0,17800.71712
W1_P2,45.0,1,1.0998,10.904,0.0,10.904,20.0,20.0,1.5,1.0,31.6958,0.0,0.0,3.0,600.0,600.0,1.0,1.0,1.0,17491.24192,0.0,17491.24192
W1_P2,45.0,2,0.7998,15.152,0.0,15.152,20.0,20.0,1.5,1.0,27.1478,0.0,0.0,3.0,600.0,600.0,1.0,1.0,1.0,16571.20672,0.0,16571.20672
W1_P2,45.0,3,0.99,13.312,0.0,13.312,20.0,20.0,1.5,1.0,29.178,0.0,0.0,3.0,600.0,600.0,1.0,1.0,1.0,16990.3472,0.0,16990.3472
W1_P2,45.0,4,1.1802,15.072,0.0,15.072,20.0,20.0,1.5,1.0,27.6082,0.0,0.0,3.0,600.0,600.0,1.0,1.0,1.0,16716.84768,0.0,16716.84768
W1_P2,45.0,5,1.6302,18.724,0.0,18.724,20.0,20.0,1.5,1.0,24.4062,0.0,0.0,3.0,600.0,600.0,1.0,1.0,1.0,16168.28288,0.0,16168.28288
W1_P2,45.0,6,2.5002,9.628,0.0,9.628,20.0,20.0,1.5,1.0,34.3722,-0.0,0.0,3.0,600.0,600.0,1.0,1.0,1.0,18216.24128,-0.0,18216.24128
W1_P2,45.0,7,3.3702,22.804,3.2,26.004,10.907855,10.907855,0.818089,0.545393,0.0,0.0,0.0,1.636178,327.235663,327.235663,0.545393,0.545393,0.545393,6533.200034,0.0,6533.200034
W1_P2,45.0,8,4.0098,17.852,10.88,28.732,2.0,2.0,0.15,0.1,0.0,20.5722,0.0,0.3,60.0,60.0,0.1,0.1,0.1,4483.7,7774.23438,-3290.53438
W1_P2,45.0,9,4.2,14.328,17.92,32.248,13.517108,13.517108,1.013783,0.675855,0.0,0.0,0.0,2.027566,405.513253,405.513253,0.675855,0.675855,0.675855,7680.904675,0.0,7680.904675
W1_P2,45.0,10,4.1202,11.904,24.96,36.864,15.780145,15.780145,1.183511,0.789007,0.0,0.0,0.0,2.367022,473.404337,473.404337,0.789007,0.789007,0.789007,8728.203166,0.0,8728.203166
W1_P2,45.0,11,3.9,7.736,31.36,39.096,13.118265,13.118265,0.98387,0.655913,0.0,7.9756,0.0,1.96774,393.547952,393.547952,0.655913,0.655913,0.655913,8205.134005,3013.97924,5191.154765
W1_P2,45.0,12,3.2598,8.556,35.84,44.396,2.0,2.0,0.15,0.1,0.0,36.9862,0.0,0.3,60.0,60.0,0.1,0.1,0.1,6084.5,13977.08498,-7892.58498
W1_P2,45.0,13,2.6898,14.52,37.12,51.64,20.0,20.0,1.5,1.0,0.0,7.4502,0.0,3.0,600.0,600.0,1.0,1.0,1.0,11635.4,2815.43058,8819.96942
W1_P2,45.0,14,3.63,6.708,32.0,38.708,16.90506,16.90506,1.26788,0.845253,0.0,0.0,0.0,2.535759,507.151807,507.151807,0.845253,0.845253,0.845253,9075.000819,0.0,9075.000819
W1_P2,45.0,15,3.8202,11.176,25.6,36.776,15.882313,15.882313,1.191173,0.794116,0.0,0.0,0.0,2.382347,476.469398,476.469398,0.794116,0.794116,0.794116,8721.36066,0.0,8721.36066
W1_P2,45.0,16,3.75,10.108,19.2,29.308,12.317108,12.317108,0.923783,0.615855,0.0,0.0,0.0,1.847566,369.513253,369.513253,0.615855,0.615855,0.615855,6901.324675,0.0,6901.324675
W1_P2,45.0,17,3.1398,6.384,9.6,15.984,6.189976,6.189976,0.464248,0.309499,0.0,0.0,0.0,0.928496,185.699277,185.699277,0.309499,0.309499,0.309499,3658.022472,0.0,3658.022472
W1_P2,45.0,18,2.61,6.428,3.2,9.628,3.382169,3.382169,0.253663,0.169108,0.0,0.0,0.0,0.507325,101.46506,101.46506,0.169108,0.169108,0.169108,2194.249494,0.0,2194.249494
W1_P2,45.0,19,2.1198,5.736,0.0,5.736,2.0,2.0,0.15,0.1,0.5338,0.0,0.0,0.3,60.0,60.0,0.1,0.1,0.1,1789.02112,0.0,1789.02112
W1_P2,45.0,20,1.86,3.752,0.0,3.752,2.0,2.0,0.15,0.1,2.258,0.0,0.0,0.3,60.0,60.0,0.1,0.1,0.1,2874.9192,0.0,2874.9192
W1_P2,45.0,21,1.6302,3.692,0.0,3.692,2.0,2.0,0.15,0.1,2.0882,0.0,0.0,0.3,60.0,60.0,0.1,0.1,0.1,2322.47268,0.0,2322.47268
W1_P2,45.0,22,1.56,4.88,0.0,4.88,2.0,2.0,0.15,0.1,0.83,0.0,0.0,0.3,60.0,60.0,0.1,0.1,0.1,1736.442,0.0,1736.442
W1_P2,45.0,23,1.4802,3.192,0.0,3.192,20.0,20.0,1.5,1.0,39.7882,0.0,0.0,3.0,600.0,600.0,1.0,1.0,1.0,19105.27968,0.0,19105.27968
W1_P2,36.0,0,1.3698,9.776,0.0,9.776,20.0,20.0,1.5,1.0,33.0938,0.0,0.0,3.0,600.0,600.0,1.0,1.0,1.0,17800.71712,0.0,17800.71712
W1_P2,36.0,1,1.0998,10.904,0.0,10.904,20.0,20.0,1.5,1.0,31.6958,0.0,0.0,3.0,600.0,600.0,1.0,1.0,1.0,17491.24192,0.0,17491.24192
W1_P2,36.0,2,0.7998,15.152,0.0,15.152,20.0,20.0,1.5,1.0,27.1478,-0.0,0.0,3.0,600.0,600.0,1.0,1.0,1.0,16571.20672,-0.0,16571.20672
W1_P2,36.0,3,0.99,13.312,0.0,13.312,20.0,20.0,1.5,1.0,29.178,-0.0,0.0,3.0,600.0,600.0,1.0,1.0,1.0,16990.3472,-0.0,16990.3472
W1_P2,36.0,4,1.1802,15.072,0.0,15.072,20.0,20.0,1.5,1.0,27.6082,0.0,0.0,3.0,600.0,600.0,1.0,1.0,1.0,16716.84768,0.0,16716.84768
W1_P2,36.0,5,1.6302,18.724,0.0,18.724,20.0,20.0,1.5,1.0,24.4062,0.0,0.0,3.0,600.0,600.0,1.0,1.0,1.0,16168.28288,0.0,16168.28288
W1_P2,36.0,6,2.5002,9.628,0.0,9.628,20.0,20.0,1.5,1.0,34.3722,-0.0,0.0,3.0,600.0,600.0,1.0,1.0,1.0,18216.24128,-0.0,18216.24128
W1_P2,36.0,7,3.3702,22.804,3.2,26.004,10.907855,10.907855,0.818089,0.545393,0.0,0.0,0.0,1.636178,327.235663,327.235663,0.545393,0.545393,0.545393,6533.200034,0.0,6533.200034
W1_P2,36.0,8,4.0098,17.852,10.88,28.732,2.0,2.0,0.15,0.1,0.0,20.5722,0.0,0.3,60.0,60.0,0.1,0.1,0.1,4483.7,7774.23438,-3290.53438
W1_P2,36.0,9,4.2,14.328,17.92,32.248,13.517108,13.517108,1.013783,0.675855,0.0,0.0,0.0,2.027566,405.513253,405.513253,0.675855,0.675855,0.675855,7680.904675,0.0,7680.904675
W1_P2,36.0,10,4.1202,11.904,24.96,36.864,2.0,2.0,0.15,0.1,0.0,28.5938,0.0,0.3,60.0,60.0,0.1,0.1,0.1,5281.1,10805.59702,-5524.49702
W1_P2,36.0,11,3.9,7.736,31.36,39.096,2.0,2.0,0.15,0.1,0.0,31.046,0.0,0.3,60.0,60.0,0.1,0.1,0.1,5423.9,11732.2834,-6308.3834
W1_P2,36.0,12,3.2598,8.556,35.84,44.396,2.0,2.0,0.15,0.1,0.0,36.9862,0.0,0.3,60.0,60.0,0.1,0.1,0.1,6084.5,13977.08498,-7892.58498
W1_P2,36.0,13,2.6898,14.52,37.12,51.64,2.0,2.0,0.15,0.1,0.0,44.8002,0.0,0.3,60.0,60.0,0.1,0.1,0.1,7132.7,16929.99558,-9797.29558
W1_P2,36.0,14,3.63,6.708,32.0,38.708,16.90506,16.90506,1.26788,0.845253,0.0,0.0,0.0,2.535759,507.151807,507.151807,0.845253,0.845253,0.845253,9075.000819,0.0,9075.000819
W1_P2,36.0,15,3.8202,11.176,25.6,36.776,2.0,2.0,0.15,0.1,0.0,28.8058,0.0,0.3,60.0,60.0,0.1,0.1,0.1,5248.7,10885.71182,-5637.01182
W1_P2,36.0,16,3.75,10.108,19.2,29.308,12.317108,12.317108,0.923783,0.615855,0.0,0.0,0.0,1.847566,369.513253,369.513253,0.615855,0.615855,0.615855,6901.324675,0.0,6901.324675
W1_P2,36.0,17,3.1398,6.384,9.6,15.984,2.970699,2.970699,0.222802,0.148535,0.0,6.68,0.0,0.445605,89.120964,89.120964,0.148535,0.148535,0.148535,2852.720304,2524.372,328.348304
W1_P2,36.0,18,2.61,6.428,3.2,9.628,3.382169,3.382169,0.253663,0.169108,0.0,0.0,0.0,0.507325,101.46506,101.46506,0.169108,0.169108,0.169108,2194.249494,0.0,2194.249494
W1_P2,36.0,19,2.1198,5.736,0.0,5.736,2.0,2.0,0.15,0.1,0.5338,0.0,0.0,0.3,60.0,60.0,0.1,0.1,0.1,1789.02112,0.0,1789.02112
W1_P2,36.0,20,1.86,3.752,0.0,3.752,2.0,2.0,0.15,0.1,2.258,0.0,0.0,0.3,60.0,60.0,0.1,0.1,0.1,2874.9192,0.0,2874.9192
W1_P2,36.0,21,1.6302,3.692,0.0,3.692,2.0,2.0,0.15,0.1,2.0882,0.0,0.0,0.3,60.0,60.0,0.1,0.1,0.1,2322.47268,0.0,2322.47268
W1_P2,36.0,22,1.56,4.88,0.0,4.88,2.0,2.0,0.15,0.1,0.83,0.0,0.0,0.3,60.0,60.0,0.1,0.1,0.1,1736.442,0.0,1736.442
W1_P2,36.0,23,1.4802,3.192,0.0,3.192,20.0,20.0,1.5,1.0,39.7882,0.0,0.0,3.0,600.0,600.0,1.0,1.0,1.0,19105.27968,0.0,19105.27968
W1_P3,72.0,0,1.3698,9.776,0.0,9.776,20.0,20.0,1.5,1.0,33.0938,0.0,0.0,3.0,600.0,600.0,1.0,1.0,1.0,17800.71712,0.0,17800.71712
W1_P3,72.0,1,1.0998,10.904,0.0,10.904,20.0,20.0,1.5,1.0,31.6958,0.0,0.0,3.0,600.0,600.0,1.0,1.0,1.0,17491.24192,0.0,17491.24192
W1_P3,72.0,2,0.7998,15.152,0.0,15.152,20.0,20.0,1.5,1.0,27.1478,0.0,0.0,3.0,600.0,600.0,1.0,1.0,1.0,16571.20672,0.0,16571.20672
W1_P3,72.0,3,0.99,13.312,0.0,13.312,20.0,20.0,1.5,1.0,29.178,0.0,0.0,3.0,600.0,600.0,1.0,1.0,1.0,16990.3472,0.0,16990.3472
W1_P3,72.0,4,1.1802,15.072,0.0,15.072,20.0,20.0,1.5,1.0,27.6082,0.0,0.0,3.0,600.0,600.0,1.0,1.0,1.0,16716.84768,0.0,16716.84768
W1_P3,72.0,5,1.6302,18.724,0.0,18.724,20.0,20.0,1.5,1.0,24.4062,0.0,0.0,3.0,600.0,600.0,1.0,1.0,1.0,16168.28288,0.0,16168.28288
W1_P3,72.0,6,2.5002,9.628,0.0,9.628,20.0,20.0,1.5,1.0,34.3722,0.0,0.0,3.0,600.0,600.0,1.0,1.0,1.0,18216.24128,0.0,18216.24128
W1_P3,72.0,7,3.3702,22.804,1.28,24.084,20.0,20.0,1.5,1.0,20.7862,0.0,0.0,3.0,600.0,600.0,1.0,1.0,1.0,21202.73788,0.0,21202.73788
W1_P3,72.0,8,4.0098,17.852,3.2,21.052,20.0,20.0,1.5,1.0,24.4578,0.0,0.0,3.0,600.0,600.0,1.0,1.0,1.0,22920.46772,0.0,22920.46772
W1_P3,72.0,9,4.2,14.328,5.12,19.448,20.0,20.0,1.5,1.0,26.252,0.0,0.0,3.0,600.0,600.0,1.0,1.0,1.0,23712.0648,0.0,23712.0648
W1_P3,72.0,10,4.1202,11.904,7.68,19.584,20.0,20.0,1.5,1.0,26.0362,0.0,0.0,3.0,600.0,600.0,1.0,1.0,1.0,28601.64688,0.0,28601.64688
W1_P3,72.0,11,3.9,7.736,11.52,19.256,20.0,20.0,1.5,1.0,26.144,0.0,0.0,3.0,600.0,600.0,1.0,1.0,1.0,28523.7456,0.0,28523.7456
W1_P3,72.0,12,3.2598,8.556,14.08,22.636,20.0,20.0,1.5,1.0,22.1238,0.0,0.0,3.0,600.0,600.0,1.0,1.0,1.0,25728.13712,0.0,25728.13712
W1_P3,72.0,13,2.6898,14.52,14.08,28.6,20.0,20.0,1.5,1.0,15.5898,0.0,0.0,3.0,600.0,600.0,1.0,1.0,1.0,21379.85552,0.0,21379.85552
W1_P3,72.0,14,3.63,6.708,11.52,18.228,20.0,20.0,1.5,1.0,26.902,0.0,0.0,3.0,600.0,600.0,1.0,1.0,1.0,28977.7648,0.0,28977.7648
W1_P3,72.0,15,3.8202,11.176,7.04,18.216,20.0,20.0,1.5,1.0,27.1042,0.0,0.0,3.0,600.0,600.0,1.0,1.0,1.0,23987.29108,0.0,23987.29108
W1_P3,72.0,16,3.75,10.108,5.12,15.228,20.0,20.0,1.5,1.0,30.022,0.0,0.0,3.0,600.0,600.0,1.0,1.0,1.0,25368.9628,0.0,25368.9628
W1_P3,72.0,17,3.1398,6.384,3.2,9.584,20.0,20.0,1.5,1.0,35.0558,0.0,0.0,3.0,600.0,600.0,1.0,1.0,1.0,27637.49292,0.0,27637.49292
W1_P3,72.0,18,2.61,6.428,1.28,7.708,20.0,20.0,1.5,1.0,36.402,0.0,0.0,3.0,600.0,600.0,1.0,1.0,1.0,35329.7648,0.0,35329.7648
W1_P3,72.0,19,2.1198,5.736,0.0,5.736,20.0,20.0,1.5,1.0,37.8838,0.0,0.0,3.0,600.0,600.0,1.0,1.0,1.0,36261.36112,0.0,36261.36112
W1_P3,72.0,20,1.86,3.752,0.0,3.752,20.0,20.0,1.5,1.0,39.608,0.0,0.0,3.0,600.0,600.0,1.0,1.0,1.0,37347.2592,0.0,37347.2592
W1_P3,72.0,21,1.6302,3.692,0.0,3.692,20.0,20.0,1.5,1.0,39.4382,0.0,0.0,3.0,600.0,600.0,1.0,1.0,1.0,29511.56268,0.0,29511.56268
W1_P3,72.0,22,1.56,4.88,0.0,4.88,20.0,20.0,1.5,1.0,38.18,0.0,0.0,3.0,600.0,600.0,1.0,1.0,1.0,28925.532,0.0,28925.532
W1_P3,72.0,23,1.4802,3.192,0.0,3.192,20.0,20.0,1.5,1.0,39.7882,0.0,0.0,3.0,600.0,600.0,1.0,1.0,1.0,19105.27968,0.0,19105.27968
W1_P3,63.0,0,1.3698,9.776,0.0,9.776,20.0,20.0,1.5,1.0,33.0938,0.0,0.0,3.0,600.0,600.0,1.0,1.0,1.0,17800.71712,0.0,17800.71712
W1_P3,63.0,1,1.0998,10.904,0.0,10.904,20.0,20.0,1.5,1.0,31.6958,0.0,0.0,3.0,600.0,600.0,1.0,1.0,1.0,17491.24192,0.0,17491.24192
W1_P3,63.0,2,0.7998,15.152,0.0,15.152,20.0,20.0,1.5,1.0,27.1478,0.0,0.0,3.0,600.0,600.0,1.0,1.0,1.0,16571.20672,0.0,16571.20672
W1_P3,63.0,3,0.99,13.312,0.0,13.312,20.0,20.0,1.5,1.0,29.178,0.0,0.0,3.0,600.0,600.0,1.0,1.0,1.0,16990.3472,0.0,16990.3472
W1_P3,63.0,4,1.1802,15.072,0.0,15.072,20.0,20.0,1.5,1.0,27.6082,0.0,0.0,3.0,600.0,600.0,1.0,1.0,1.0,16716.84768,0.0,16716.84768
W1_P3,63.0,5,1.6302,18.724,0.0,18.724,20.0,20.0,1.5,1.0,24.4062,0.0,0.0,3.0,600.0,600.0,1.0,1.0,1.0,16168.28288,0.0,16168.28288
W1_P3,63.0,6,2.5002,9.628,0.0,9.628,20.0,20.0,1.5,1.0,34.3722,0.0,0.0,3.0,600.0,600.0,1.0,1.0,1.0,18216.24128,0.0,18216.24128
W1_P3,63.0,7,3.3702,22.804,1.28,24.084,20.0,20.0,1.5,1.0,20.7862,0.0,0.0,3.0,600.0,600.0,1.0,1.0,1.0,21202.73788,0.0,21202.73788
W1_P3,63.0,8,4.0098,17.852,3.2,21.052,20.0,20.0,1.5,1.0,24.4578,0.0,0.0,3.0,600.0,600.0,1.0,1.0,1.0,22920.46772,0.0,22920.46772
W1_P3,63.0,9,4.2,14.328,5.12,19.448,20.0,20.0,1.5,1.0,26.252,0.0,0.0,3.0,600.0,600.0,1.0,1.0,1.0,23712.0648,0.0,23712.0648
W1_P3,63.0,10,4.1202,11.904,7.68,19.584,7.452434,7.452434,0.558933,0.372622,0.0,0.0,0.0,1.117865,223.573012,223.573012,0.372622,0.372622,0.372622,4571.426299,0.0,4571.426299
W1_P3,63.0,11,3.9,7.736,11.52,19.256,20.0,20.0,1.5,1.0,26.144,0.0,0.0,3.0,600.0,600.0,1.0,1.0,1.0,28523.7456,0.0,28523.7456
W1_P3,63.0,12,3.2598,8.556,14.08,22.636,20.0,20.0,1.5,1.0,22.1238,0.0,0.0,3.0,600.0,600.0,1.0,1.0,1.0,25728.13712,0.0,25728.13712
W1_P3,63.0,13,2.6898,14.52,14.08,28.6,12.486843,12.486843,0.936513,0.624342,0.0,0.0,0.0,1.873027,374.605301,374.605301,0.624342,0.624342,0.624342,6991.18387,0.0,6991.18387
W1_P3,63.0,14,3.63,6.708,11.52,18.228,7.035181,7.035181,0.527639,0.351759,0.0,0.0,0.0,1.055277,211.055422,211.055422,0.351759,0.351759,0.351759,4148.450458,0.0,4148.450458
W1_P3,63.0,15,3.8202,11.176,7.04,18.216,20.0,20.0,1.5,1.0,27.1042,0.0,0.0,3.0,600.0,600.0,1.0,1.0,1.0,23987.29108,0.0,23987.29108
W1_P3,63.0,16,3.75,10.108,5.12,15.228,20.0,20.0,1.5,1.0,30.022,0.0,0.0,3.0,600.0,600.0,1.0,1.0,1.0,25368.9628,0.0,25368.9628
W1_P3,63.0,17,3.1398,6.384,3.2,9.584,20.0,20.0,1.5,1.0,35.0558,0.0,0.0,3.0,600.0,600.0,1.0,1.0,1.0,27637.49292,0.0,27637.49292
W1_P3,63.0,18,2.61,6.428,1.28,7.708,20.0,20.0,1.5,1.0,36.402,0.0,0.0,3.0,600.0,600.0,1.0,1.0,1.0,35329.7648,0.0,35329.7648
W1_P3,63.0,19,2.1198,5.736,0.0,5.736,2.0,2.0,0.15,0.1,0.5338,0.0,0.0,0.3,60.0,60.0,0.1,0.1,0.1,1789.02112,0.0,1789.02112
W1_P3,63.0,20,1.86,3.752,0.0,3.752,11.025542,11.025542,0.826916,0.551277,20.986,0.0,0.0,1.653831,330.766265,330.766265,0.551277,0.551277,0.551277,20160.005773,0.0,20160.005773
W1_P3,63.0,21,1.6302,3.692,0.0,3.692,20.0,20.0,1.5,1.0,39.4382,0.0,0.0,3.0,600.0,600.0,1.0,1.0,1.0,29511.56268,0.0,29511.56268
W1_P3,63.0,22,1.56,4.88,0.0,4.88,20.0,20.0,1.5,1.0,38.18,0.0,0.0,3.0,600.0,600.0,1.0,1.0,1.0,28925.532,0.0,28925.532
W1_P3,63.0,23,1.4802,3.192,0.0,3.192,20.0,20.0,1.5,1.0,39.7882,0.0,0.0,3.0,600.0,600.0,1.0,1.0,1.0,19105.27968,0.0,19105.27968
W1_P3,54.0,0,1.3698,9.776,0.0,9.776,20.0,20.0,1.5,1.0,33.0938,0.0,0.0,3.0,600.0,600.0,1.0,1.0,1.0,17800.71712,0.0,17800.71712
W1_P3,54.0,1,1.0998,10.904,0.0,10.904,20.0,20.0,1.5,1.0,31.6958,0.0,0.0,3.0,600.0,600.0,1.0,1.0,1.0,17491.24192,0.0,17491.24192
W1_P3,54.0,2,0.7998,15.152,0.0,15.152,20.0,20.0,1.5,1.0,27.1478,0.0,0.0,3.0,600.0,600.0,1.0,1.0,1.0,16571.20672,0.0,16571.20672
W1_P3,54.0,3,0.99,13.312,0.0,13.312,20.0,20.0,1.5,1.0,29.178,0.0,0.0,3.0,600.0,600.0,1.0,1.0,1.0,16990.3472,0.0,16990.3472
W1_P3,54.0,4,1.1802,15.072,0.0,15.072,20.0,20.0,1.5,1.0,27.6082,0.0,0.0,3.0,600.0,600.0,1.0,1.0,1.0,16716.84768,0.0,16716.84768
W1_P3,54.0,5,1.6302,18.724,0.0,18.724,20.0,20.0,1.5,1.0,24.4062,0.0,0.0,3.0,600.0,600.0,1.0,1.0,1.0,16168.28288,0.0,16168.28288
W1_P3,54.0,6,2.5002,9.628,0.0,9.628,20.0,20.0,1.5,1.0,34.3722,0.0,0.0,3.0,600.0,600.0,1.0,1.0,1.0,18216.24128,0.0,18216.24128
W1_P3,54.0,7,3.3702,22.804,1.28,24.084,20.0,20.0,1.5,1.0,20.7862,0.0,0.0,3.0,600.0,600.0,1.0,1.0,1.0,21202.73788,0.0,21202.73788
W1_P3,54.0,8,4.0098,17.852,3.2,21.052,20.0,20.0,1.5,1.0,24.4578,0.0,0.0,3.0,600.0,600.0,1.0,1.0,1.0,22920.46772,0.0,22920.46772
W1_P3,54.0,9,4.2,14.328,5.12,19.448,20.0,20.0,1.5,1.0,26.252,0.0,0.0,3.0,600.0,600.0,1.0,1.0,1.0,23712.0648,0.0,23712.0648
W1_P3,54.0,10,4.1202,11.904,7.68,19.584,7.452434,7.452434,0.558933,0.372622,0.0,0.0,0.0,1.117865,223.573012,223.573012,0.372622,0.372622,0.372622,4571.426299,0.0,4571.426299
W1_P3,54.0,11,3.9,7.736,11.52,19.256,7.400482,7.400482,0.555036,0.370024,0.0,0.0,0.0,1.110072,222.014458,222.014458,0.370024,0.370024,0.370024,4394.030554,0.0,4394.030554
W1_P3,54.0,12,3.2598,8.556,14.08,22.636,9.337928,9.337928,0.700345,0.466896,0.0,0.0,0.0,1.400689,280.137831,280.137831,0.466896,0.466896,0.466896,5308.882617,0.0,5308.882617
W1_P3,54.0,13,2.6898,14.52,14.08,28.6,12.486843,12.486843,0.936513,0.624342,0.0,0.0,0.0,1.873027,374.605301,374.605301,0.624342,0.624342,0.624342,6991.18387,0.0,6991.18387
W1_P3,54.0,14,3.63,6.708,11.52,18.228,7.035181,7.035181,0.527639,0.351759,0.0,0.0,0.0,1.055277,211.055422,211.055422,0.351759,0.351759,0.351759,4148.450458,0.0,4148.450458
W1_P3,54.0,15,3.8202,11.176,7.04,18.216,20.0,20.0,1.5,1.0,27.1042,0.0,0.0,3.0,600.0,600.0,1.0,1.0,1.0,23987.29108,0.0,23987.29108
W1_P3,54.0,16,3.75,10.108,5.12,15.228,20.0,20.0,1.5,1.0,30.022,0.0,0.0,3.0,600.0,600.0,1.0,1.0,1.0,25368.9628,0.0,25368.9628
W1_P3,54.0,17,3.1398,6.384,3.2,9.584,20.0,20.0,1.5,1.0,35.0558,0.0,0.0,3.0,600.0,600.0,1.0,1.0,1.0,27637.49292,0.0,27637.49292
W1_P3,54.0,18,2.61,6.428,1.28,7.708,2.456867,2.456867,0.184265,0.122843,0.0,0.0,0.0,0.36853,73.706024,73.706024,0.122843,0.122843,0.122843,1732.385398,0.0,1732.385398
W1_P3,54.0,19,2.1198,5.736,0.0,5.736,2.0,2.0,0.15,0.1,0.5338,0.0,0.0,0.3,60.0,60.0,0.1,0.1,0.1,1789.02112,0.0,1789.02112
W1_P3,54.0,20,1.86,3.752,0.0,3.752,2.0,2.0,0.15,0.1,2.258,0.0,0.0,0.3,60.0,60.0,0.1,0.1,0.1,2874.9192,0.0,2874.9192
W1_P3,54.0,21,1.6302,3.692,0.0,3.692,9.830265,9.830265,0.73727,0.491513,18.336,0.0,0.0,1.47454,294.907952,294.907952,0.491513,0.491513,0.491513,14150.127205,0.0,14150.127205
W1_P3,54.0,22,1.56,4.88,0.0,4.88,20.0,20.0,1.5,1.0,38.18,0.0,0.0,3.0,600.0,600.0,1.0,1.0,1.0,28925.532,0.0,28925.532
W1_P3,54.0,23,1.4802,3.192,0.0,3.192,20.0,20.0,1.5,1.0,39.7882,0.0,0.0,3.0,600.0,600.0,1.0,1.0,1.0,19105.27968,0.0,19105.27968
W1_P3,45.0,0,1.3698,9.776,0.0,9.776,20.0,20.0,1.5,1.0,33.0938,0.0,0.0,3.0,600.0,600.0,1.0,1.0,1.0,17800.71712,0.0,17800.71712
W1_P3,45.0,1,1.0998,10.904,0.0,10.904,20.0,20.0,1.5,1.0,31.6958,0.0,0.0,3.0,600.0,600.0,1.0,1.0,1.0,17491.24192,0.0,17491.24192
W1_P3,45.0,2,0.7998,15.152,0.0,15.152,20.0,20.0,1.5,1.0,27.1478,0.0,0.0,3.0,600.0,600.0,1.0,1.0,1.0,16571.20672,0.0,16571.20672
W1_P3,45.0,3,0.99,13.312,0.0,13.312,20.0,20.0,1.5,1.0,29.178,0.0,0.0,3.0,600.0,600.0,1.0,1.0,1.0,16990.3472,0.0,16990.3472
W1_P3,45.0,4,1.1802,15.072,0.0,15.072,20.0,20.0,1.5,1.0,27.6082,0.0,0.0,3.0,600.0,600.0,1.0,1.0,1.0,16716.84768,0.0,16716.84768
W1_P3,45.0,5,1.6302,18.724,0.0,18.724,20.0,20.0,1.5,1.0,24.4062,0.0,0.0,3.0,600.0,600.0,1.0,1.0,1.0,16168.28288,0.0,16168.28288
W1_P3,45.0,6,2.5002,9.628,0.0,9.628,20.0,20.0,1.5,1.0,34.3722,0.0,0.0,3.0,600.0,600.0,1.0,1.0,1.0,18216.24128,0.0,18216.24128
W1_P3,45.0,7,3.3702,22.804,1.28,24.084,9.982554,9.982554,0.748692,0.499128,-0.0,0.0,0.0,1.497383,299.476627,299.476627,0.499128,0.499128,0.499128,6071.335937,0.0,6071.335937
W1_P3,45.0,8,4.0098,17.852,3.2,21.052,8.213108,8.213108,0.615983,0.410655,0.0,-0.0,0.0,1.231966,246.393253,246.393253,0.410655,0.410655,0.410655,5116.309075,-0.0,5116.309075
W1_P3,45.0,9,4.2,14.328,5.12,19.448,7.348434,7.348434,0.551133,0.367422,0.0,0.0,0.0,1.102265,220.453012,220.453012,0.367422,0.367422,0.367422,4601.810699,0.0,4601.810699
W1_P3,45.0,10,4.1202,11.904,7.68,19.584,7.452434,7.452434,0.558933,0.372622,0.0,-0.0,0.0,1.117865,223.573012,223.573012,0.372622,0.372622,0.372622,4571.426299,-0.0,4571.426299
W1_P3,45.0,11,3.9,7.736,11.52,19.256,7.400482,7.400482,0.555036,0.370024,0.0,-0.0,0.0,1.110072,222.014458,222.014458,0.370024,0.370024,0.370024,4394.030554,-0.0,4394.030554
W1_P3,45.0,12,3.2598,8.556,14.08,22.636,9.337928,9.337928,0.700345,0.466896,0.0,-0.0,0.0,1.400689,280.137831,280.137831,0.466896,0.466896,0.466896,5308.882617,-0.0,5308.882617
W1_P3,45.0,13,2.6898,14.52,14.08,28.6,12.486843,12.486843,0.936513,0.624342,0.0,-0.0,0.0,1.873027,374.605301,374.605301,0.624342,0.624342,0.624342,6991.18387,-0.0,6991.18387
W1_P3,45.0,14,3.63,6.708,11.52,18.228,7.035181,7.035181,0.527639,0.351759,0.0,-0.0,0.0,1.055277,211.055422,211.055422,0.351759,0.351759,0.351759,4148.450458,-0.0,4148.450458
W1_P3,45.0,15,3.8202,11.176,7.04,18.216,6.937735,6.937735,0.52033,0.346887,0.0,-0.0,0.0,1.04066,208.132048,208.132048,0.346887,0.346887,0.346887,4256.674395,-0.0,4256.674395
W1_P3,45.0,16,3.75,10.108,5.12,15.228,14.242795,14.242795,1.06821,0.71214,18.0758,0.0,0.0,2.136419,427.283855,427.283855,0.71214,0.71214,0.71214,16672.676134,0.0,16672.676134
W1_P3,45.0,17,3.1398,6.384,3.2,9.584,3.105639,3.105639,0.232923,0.155282,0.0,-0.0,0.0,0.465846,93.169157,93.169157,0.155282,0.155282,0.155282,2118.475484,-0.0,2118.475484
W1_P3,45.0,18,2.61,6.428,1.28,7.708,2.456867,2.456867,0.184265,0.122843,0.0,-0.0,0.0,0.36853,73.706024,73.706024,0.122843,0.122843,0.122843,1732.385398,-0.0,1732.385398
W1_P3,45.0,19,2.1198,5.736,0.0,5.736,2.0,2.0,0.15,0.1,0.5338,0.0,0.0,0.3,60.0,60.0,0.1,0.1,0.1,1789.02112,0.0,1789.02112
W1_P3,45.0,20,1.86,3.752,0.0,3.752,2.0,2.0,0.15,0.1,2.258,0.0,0.0,0.3,60.0,60.0,0.1,0.1,0.1,2874.9192,0.0,2874.9192
W1_P3,45.0,21,1.6302,3.692,0.0,3.692,20.0,20.0,1.5,1.0,39.4382,0.0,0.0,3.0,600.0,600.0,1.0,1.0,1.0,29511.56268,0.0,29511.56268
W1_P3,45.0,22,1.56,4.88,0.0,4.88,20.0,20.0,1.5,1.0,38.18,0.0,0.0,3.0,600.0,600.0,1.0,1.0,1.0,28925.532,0.0,28925.532
W1_P3,45.0,23,1.4802,3.192,0.0,3.192,20.0,20.0,1.5,1.0,39.7882,0.0,0.0,3.0,600.0,600.0,1.0,1.0,1.0,19105.27968,0.0,19105.27968
W1_P3,36.0,0,1.3698,9.776,0.0,9.776,20.0,20.0,1.5,1.0,33.0938,0.0,0.0,3.0,600.0,600.0,1.0,1.0,1.0,17800.71712,0.0,17800.71712
W1_P3,36.0,1,1.0998,10.904,0.0,10.904,20.0,20.0,1.5,1.0,31.6958,0.0,0.0,3.0,600.0,600.0,1.0,1.0,1.0,17491.24192,0.0,17491.24192
W1_P3,36.0,2,0.7998,15.152,0.0,15.152,20.0,20.0,1.5,1.0,27.1478,0.0,0.0,3.0,600.0,600.0,1.0,1.0,1.0,16571.20672,0.0,16571.20672
W1_P3,36.0,3,0.99,13.312,0.0,13.312,20.0,20.0,1.5,1.0,29.178,0.0,0.0,3.0,600.0,600.0,1.0,1.0,1.0,16990.3472,0.0,16990.3472
W1_P3,36.0,4,1.1802,15.072,0.0,15.072,20.0,20.0,1.5,1.0,27.6082,-0.0,0.0,3.0,600.0,600.0,1.0,1.0,1.0,16716.84768,-0.0,16716.84768
W1_P3,36.0,5,1.6302,18.724,0.0,18.724,20.0,20.0,1.5,1.0,24.4062,0.0,0.0,3.0,600.0,600.0,1.0,1.0,1.0,16168.28288,0.0,16168.28288
W1_P3,36.0,6,2.5002,9.628,0.0,9.628,20.0,20.0,1.5,1.0,34.3722,-0.0,0.0,3.0,600.0,600.0,1.0,1.0,1.0,18216.24128,-0.0,18216.24128
W1_P3,36.0,7,3.3702,22.804,1.28,24.084,2.0,2.0,0.15,0.1,0.0,16.5638,0.0,0.3,60.0,60.0,0.1,0.1,0.1,4074.5,6259.46002,-2184.96002
W1_P3,36.0,8,4.0098,17.852,3.2,21.052,8.213108,8.213108,0.615983,0.410655,0.0,0.0,0.0,1.231966,246.393253,246.393253,0.410655,0.410655,0.410655,5116.309075,0.0,5116.309075
W1_P3,36.0,9,4.2,14.328,5.12,19.448,7.348434,7.348434,0.551133,0.367422,0.0,0.0,0.0,1.102265,220.453012,220.453012,0.367422,0.367422,0.367422,4601.810699,0.0,4601.810699
W1_P3,36.0,10,4.1202,11.904,7.68,19.584,7.452434,7.452434,0.558933,0.372622,0.0,0.0,0.0,1.117865,223.573012,223.573012,0.372622,0.372622,0.372622,4571.426299,0.0,4571.426299
W1_P3,36.0,11,3.9,7.736,11.52,19.256,2.0,2.0,0.15,0.1,0.0,11.206,0.0,0.3,60.0,60.0,0.1,0.1,0.1,3043.1,4234.7474,-1191.6474
W1_P3,36.0,12,3.2598,8.556,14.08,22.636,7.432193,7.432193,0.557414,0.37161,0.0,3.9544,0.0,1.114829,222.965783,222.965783,0.37161,0.37161,0.37161,4832.163022,1494.36776,3337.795262
W1_P3,36.0,13,2.6898,14.52,14.08,28.6,12.486843,12.486843,0.936513,0.624342,0.0,0.0,0.0,1.873027,374.605301,374.605301,0.624342,0.624342,0.624342,6991.18387,0.0,6991.18387
W1_P3,36.0,14,3.63,6.708,11.52,18.228,7.035181,7.035181,0.527639,0.351759,0.0,0.0,0.0,1.055277,211.055422,211.055422,0.351759,0.351759,0.351759,4148.450458,0.0,4148.450458
W1_P3,36.0,15,3.8202,11.176,7.04,18.216,6.937735,6.937735,0.52033,0.346887,0.0,0.0,0.0,1.04066,208.132048,208.132048,0.346887,0.346887,0.346887,4256.674395,0.0,4256.674395
W1_P3,36.0,16,3.75,10.108,5.12,15.228,5.531566,5.531566,0.414867,0.276578,0.0,0.0,0.0,0.829735,165.946988,165.946988,0.276578,0.276578,0.276578,3514.321301,0.0,3514.321301
W1_P3,36.0,17,3.1398,6.384,3.2,9.584,3.105639,3.105639,0.232923,0.155282,0.0,0.0,0.0,0.465846,93.169157,93.169157,0.155282,0.155282,0.155282,2118.475484,0.0,2118.475484
W1_P3,36.0,18,2.61,6.428,1.28,7.708,2.456867,2.456867,0.184265,0.122843,0.0,0.0,0.0,0.36853,73.706024,73.706024,0.122843,0.122843,0.122843,1732.385398,0.0,1732.385398
W1_P3,36.0,19,2.1198,5.736,0.0,5.736,2.0,2.0,0.15,0.1,0.5338,0.0,0.0,0.3,60.0,60.0,0.1,0.1,0.1,1789.02112,0.0,1789.02112
W1_P3,36.0,20,1.86,3.752,0.0,3.752,2.0,2.0,0.15,0.1,2.258,0.0,0.0,0.3,60.0,60.0,0.1,0.1,0.1,2874.9192,0.0,2874.9192
W1_P3,36.0,21,1.6302,3.692,0.0,3.692,2.0,2.0,0.15,0.1,2.0882,0.0,0.0,0.3,60.0,60.0,0.1,0.1,0.1,2322.47268,0.0,2322.47268
W1_P3,36.0,22,1.56,4.88,0.0,4.88,2.0,2.0,0.15,0.1,0.83,0.0,0.0,0.3,60.0,60.0,0.1,0.1,0.1,1736.442,0.0,1736.442
W1_P3,36.0,23,1.4802,3.192,0.0,3.192,20.0,20.0,1.5,1.0,39.7882,0.0,0.0,3.0,600.0,600.0,1.0,1.0,1.0,19105.27968,0.0,19105.27968
W1_P4,72.0,0,1.3698,9.776,0.0,9.776,20.0,20.0,1.5,1.0,33.0938,0.0,0.0,3.0,600.0,600.0,1.0,1.0,1.0,17800.71712,0.0,17800.71712
W1_P4,72.0,1,1.0998,10.904,0.0,10.904,20.0,20.0,1.5,1.0,31.6958,0.0,0.0,3.0,600.0,600.0,1.0,1.0,1.0,17491.24192,0.0,17491.24192
W1_P4,72.0,2,0.7998,15.152,0.0,15.152,20.0,20.0,1.5,1.0,27.1478,0.0,0.0,3.0,600.0,600.0,1.0,1.0,1.0,16571.20672,0.0,16571.20672
W1_P4,72.0,3,0.99,13.312,0.0,13.312,20.0,20.0,1.5,1.0,29.178,0.0,0.0,3.0,600.0,600.0,1.0,1.0,1.0,16990.3472,0.0,16990.3472
W1_P4,72.0,4,1.1802,15.072,0.0,15.072,20.0,20.0,1.5,1.0,27.6082,0.0,0.0,3.0,600.0,600.0,1.0,1.0,1.0,16716.84768,0.0,16716.84768
W1_P4,72.0,5,1.6302,18.724,0.0,18.724,20.0,20.0,1.5,1.0,24.4062,0.0,0.0,3.0,600.0,600.0,1.0,1.0,1.0,16168.28288,0.0,16168.28288
W1_P4,72.0,6,2.5002,9.628,0.0,9.628,20.0,20.0,1.5,1.0,34.3722,0.0,0.0,3.0,600.0,600.0,1.0,1.0,1.0,18216.24128,0.0,18216.24128
W1_P4,72.0,7,3.3702,22.804,0.0,22.804,20.0,20.0,1.5,1.0,22.0662,0.0,0.0,3.0,600.0,600.0,1.0,1.0,1.0,21826.60988,0.0,21826.60988
W1_P4,72.0,8,4.0098,17.852,0.0,17.852,20.0,20.0,1.5,1.0,27.6578,0.0,0.0,3.0,600.0,600.0,1.0,1.0,1.0,24480.14772,0.0,24480.14772
W1_P4,72.0,9,4.2,14.328,0.0,14.328,20.0,20.0,1.5,1.0,31.372,0.0,0.0,3.0,600.0,600.0,1.0,1.0,1.0,26207.5528,0.0,26207.5528
W1_P4,72.0,10,4.1202,11.904,0.0,11.904,20.0,20.0,1.5,1.0,33.7162,0.0,0.0,3.0,600.0,600.0,1.0,1.0,1.0,33842.47888,0.0,33842.47888
W1_P4,72.0,11,3.9,7.736,1.28,9.016,20.0,20.0,1.5,1.0,36.384,0.0,0.0,3.0,600.0,600.0,1.0,1.0,1.0,35511.5216,0.0,35511.5216
W1_P4,72.0,12,3.2598,8.556,5.12,13.676,20.0,20.0,1.5,1.0,31.0838,0.0,0.0,3.0,600.0,600.0,1.0,1.0,1.0,31842.44112,0.0,31842.44112
W1_P4,72.0,13,2.6898,14.52,7.68,22.2,20.0,20.0,1.5,1.0,21.9898,0.0,0.0,3.0,600.0,600.0,1.0,1.0,1.0,25747.21552,0.0,25747.21552
W1_P4,72.0,14,3.63,6.708,5.12,11.828,20.0,20.0,1.5,1.0,33.302,0.0,0.0,3.0,600.0,600.0,1.0,1.0,1.0,33345.1248,0.0,33345.1248
W1_P4,72.0,15,3.8202,11.176,1.28,12.456,20.0,20.0,1.5,1.0,32.8642,0.0,0.0,3.0,600.0,600.0,1.0,1.0,1.0,26794.71508,0.0,26794.71508
W1_P4,72.0,16,3.75,10.108,0.0,10.108,20.0,20.0,1.5,1.0,35.142,0.0,0.0,3.0,600.0,600.0,1.0,1.0,1.0,27864.4508,0.0,27864.4508
W1_P4,72.0,17,3.1398,6.384,0.0,6.384,20.0,20.0,1.5,1.0,38.2558,0.0,0.0,3.0,600.0,600.0,1.0,1.0,1.0,29197.17292,0.0,29197.17292
W1_P4,72.0,18,2.61,6.428,0.0,6.428,20.0,20.0,1.5,1.0,37.682,0.0,0.0,3.0,600.0,600.0,1.0,1.0,1.0,36203.2368,0.0,36203.2368
W1_P4,72.0,19,2.1198,5.736,0.0,5.736,20.0,20.0,1.5,1.0,37.8838,0.0,0.0,3.0,600.0,600.0,1.0,1.0,1.0,36261.36112,0.0,36261.36112
W1_P4,72.0,20,1.86,3.752,0.0,3.752,20.0,20.0,1.5,1.0,39.608,0.0,0.0,3.0,600.0,600.0,1.0,1.0,1.0,37347.2592,0.0,37347.2592
W1_P4,72.0,21,1.6302,3.692,0.0,3.692,20.0,20.0,1.5,1.0,39.4382,0.0,0.0,3.0,600.0,600.0,1.0,1.0,1.0,29511.56268,0.0,29511.56268
W1_P4,72.0,22,1.56,4.88,0.0,4.88,20.0,20.0,1.5,1.0,38.18,0.0,0.0,3.0,600.0,600.0,1.0,1.0,1.0,28925.532,0.0,28925.532
W1_P4,72.0,23,1.4802,3.192,0.0,3.192,20.0,20.0,1.5,1.0,39.7882,0.0,0.0,3.0,600.0,600.0,1.0,1.0,1.0,19105.27968,0.0,19105.27968
W1_P4,63.0,0,1.3698,9.776,0.0,9.776,20.0,20.0,1.5,1.0,33.0938,0.0,0.0,3.0,600.0,600.0,1.0,1.0,1.0,17800.71712,0.0,17800.71712
W1_P4,63.0,1,1.0998,10.904,0.0,10.904,20.0,20.0,1.5,1.0,31.6958,0.0,0.0,3.0,600.0,600.0,1.0,1.0,1.0,17491.24192,0.0,17491.24192
W1_P4,63.0,2,0.7998,15.152,0.0,15.152,20.0,20.0,1.5,1.0,27.1478,0.0,0.0,3.0,600.0,600.0,1.0,1.0,1.0,16571.20672,0.0,16571.20672
W1_P4,63.0,3,0.99,13.312,0.0,13.312,20.0,20.0,1.5,1.0,29.178,0.0,0.0,3.0,600.0,600.0,1.0,1.0,1.0,16990.3472,0.0,16990.3472
W1_P4,63.0,4,1.1802,15.072,0.0,15.072,20.0,20.0,1.5,1.0,27.6082,0.0,0.0,3.0,600.0,600.0,1.0,1.0,1.0,16716.84768,0.0,16716.84768
W1_P4,63.0,5,1.6302,18.724,0.0,18.724,20.0,20.0,1.5,1.0,24.4062,0.0,0.0,3.0,600.0,600.0,1.0,1.0,1.0,16168.28288,0.0,16168.28288
W1_P4,63.0,6,2.5002,9.628,0.0,9.628,20.0,20.0,1.5,1.0,34.3722,0.0,0.0,3.0,600.0,600.0,1.0,1.0,1.0,18216.24128,0.0,18216.24128
W1_P4,63.0,7,3.3702,22.804,0.0,22.804,20.0,20.0,1.5,1.0,22.0662,0.0,0.0,3.0,600.0,600.0,1.0,1.0,1.0,21826.60988,0.0,21826.60988
W1_P4,63.0,8,4.0098,17.852,0.0,17.852,20.0,20.0,1.5,1.0,27.6578,0.0,0.0,3.0,600.0,600.0,1.0,1.0,1.0,24480.14772,0.0,24480.14772
W1_P4,63.0,9,4.2,14.328,0.0,14.328,20.0,20.0,1.5,1.0,31.372,0.0,0.0,3.0,600.0,600.0,1.0,1.0,1.0,26207.5528,0.0,26207.5528
W1_P4,63.0,10,4.1202,11.904,0.0,11.904,3.751229,3.751229,0.281342,0.187561,0.0,0.0,0.0,0.562684,112.536867,112.536867,0.187561,0.187561,0.187561,2723.969913,0.0,2723.969913
W1_P4,63.0,11,3.9,7.736,1.28,9.016,20.0,20.0,1.5,1.0,36.384,0.0,0.0,3.0,600.0,600.0,1.0,1.0,1.0,35511.5216,0.0,35511.5216
W1_P4,63.0,12,3.2598,8.556,5.12,13.676,20.0,20.0,1.5,1.0,31.0838,0.0,0.0,3.0,600.0,600.0,1.0,1.0,1.0,31842.44112,0.0,31842.44112
W1_P4,63.0,13,2.6898,14.52,7.68,22.2,9.402506,9.402506,0.705188,0.470125,0.0,0.0,0.0,1.410376,282.075181,282.075181,0.470125,0.470125,0.470125,5451.636882,0.0,5451.636882
W1_P4,63.0,14,3.63,6.708,5.12,11.828,3.950843,3.950843,0.296313,0.197542,0.0,0.0,0.0,0.592627,118.525301,118.525301,0.197542,0.197542,0.197542,2608.90347,0.0,2608.90347
W1_P4,63.0,15,3.8202,11.176,1.28,12.456,20.0,20.0,1.5,1.0,32.8642,0.0,0.0,3.0,600.0,600.0,1.0,1.0,1.0,26794.71508,0.0,26794.71508
W1_P4,63.0,16,3.75,10.108,0.0,10.108,20.0,20.0,1.5,1.0,35.142,0.0,0.0,3.0,600.0,600.0,1.0,1.0,1.0,27864.4508,0.0,27864.4508
W1_P4,63.0,17,3.1398,6.384,0.0,6.384,20.0,20.0,1.5,1.0,38.2558,0.0,0.0,3.0,600.0,600.0,1.0,1.0,1.0,29197.17292,0.0,29197.17292
W1_P4,63.0,18,2.61,6.428,0.0,6.428,2.895422,2.895422,0.217157,0.144771,2.19,0.0,0.0,0.434313,86.862651,86.862651,0.144771,0.144771,0.144771,3445.745735,0.0,3445.745735
W1_P4,63.0,19,2.1198,5.736,0.0,5.736,20.0,20.0,1.5,1.0,37.8838,0.0,0.0,3.0,600.0,600.0,1.0,1.0,1.0,36261.36112,0.0,36261.36112
W1_P4,63.0,20,1.86,3.752,0.0,3.752,20.0,20.0,1.5,1.0,39.608,0.0,0.0,3.0,600.0,600.0,1.0,1.0,1.0,37347.2592,0.0,37347.2592
W1_P4,63.0,21,1.6302,3.692,0.0,3.692,20.0,20.0,1.5,1.0,39.4382,0.0,0.0,3.0,600.0,600.0,1.0,1.0,1.0,29511.56268,0.0,29511.56268
W1_P4,63.0,22,1.56,4.88,0.0,4.88,20.0,20.0,1.5,1.0,38.18,0.0,0.0,3.0,600.0,600.0,1.0,1.0,1.0,28925.532,0.0,28925.532
W1_P4,63.0,23,1.4802,3.192,0.0,3.192,20.0,20.0,1.5,1.0,39.7882,0.0,0.0,3.0,600.0,600.0,1.0,1.0,1.0,19105.27968,0.0,19105.27968
W1_P4,54.0,0,1.3698,9.776,0.0,9.776,20.0,20.0,1.5,1.0,33.0938,0.0,0.0,3.0,600.0,600.0,1.0,1.0,1.0,17800.71712,0.0,17800.71712
W1_P4,54.0,1,1.0998,10.904,0.0,10.904,20.0,20.0,1.5,1.0,31.6958,0.0,0.0,3.0,600.0,600.0,1.0,1.0,1.0,17491.24192,0.0,17491.24192
W1_P4,54.0,2,0.7998,15.152,0.0,15.152,20.0,20.0,1.5,1.0,27.1478,0.0,0.0,3.0,600.0,600.0,1.0,1.0,1.0,16571.20672,0.0,16571.20672
W1_P4,54.0,3,0.99,13.312,0.0,13.312,20.0,20.0,1.5,1.0,29.178,0.0,0.0,3.0,600.0,600.0,1.0,1.0,1.0,16990.3472,0.0,16990.3472
W1_P4,54.0,4,1.1802,15.072,0.0,15.072,20.0,20.0,1.5,1.0,27.6082,0.0,0.0,3.0,600.0,600.0,1.0,1.0,1.0,16716.84768,0.0,16716.84768
W1_P4,54.0,5,1.6302,18.724,0.0,18.724,20.0,20.0,1.5,1.0,24.4062,0.0,0.0,3.0,600.0,600.0,1.0,1.0,1.0,16168.28288,0.0,16168.28288
W1_P4,54.0,6,2.5002,9.628,0.0,9.628,20.0,20.0,1.5,1.0,34.3722,0.0,0.0,3.0,600.0,600.0,1.0,1.0,1.0,18216.24128,0.0,18216.24128
W1_P4,54.0,7,3.3702,22.804,0.0,22.804,20.0,20.0,1.5,1.0,22.0662,0.0,0.0,3.0,600.0,600.0,1.0,1.0,1.0,21826.60988,0.0,21826.60988
W1_P4,54.0,8,4.0098,17.852,0.0,17.852,20.0,20.0,1.5,1.0,27.6578,0.0,0.0,3.0,600.0,600.0,1.0,1.0,1.0,24480.14772,0.0,24480.14772
W1_P4,54.0,9,4.2,14.328,0.0,14.328,20.0,20.0,1.5,1.0,31.372,0.0,0.0,3.0,600.0,600.0,1.0,1.0,1.0,26207.5528,0.0,26207.5528
W1_P4,54.0,10,4.1202,11.904,0.0,11.904,3.751229,3.751229,0.281342,0.187561,0.0,-0.0,0.0,0.562684,112.536867,112.536867,0.187561,0.187561,0.187561,2723.969913,-0.0,2723.969913
W1_P4,54.0,11,3.9,7.736,1.28,9.016,2.465542,2.465542,0.184916,0.123277,0.0,-0.0,0.0,0.369831,73.966265,73.966265,0.123277,0.123277,0.123277,1930.755373,-0.0,1930.755373
W1_P4,54.0,12,3.2598,8.556,5.12,13.676,5.019855,5.019855,0.376489,0.250993,0.0,0.0,0.0,0.752978,150.595663,150.595663,0.250993,0.250993,0.250993,3153.516834,0.0,3153.516834
W1_P4,54.0,13,2.6898,14.52,7.68,22.2,9.402506,9.402506,0.705188,0.470125,0.0,-0.0,0.0,1.410376,282.075181,282.075181,0.470125,0.470125,0.470125,5451.636882,-0.0,5451.636882
W1_P4,54.0,14,3.63,6.708,5.12,11.828,3.950843,3.950843,0.296313,0.197542,0.0,-0.0,0.0,0.592627,118.525301,118.525301,0.197542,0.197542,0.197542,2608.90347,-0.0,2608.90347
W1_P4,54.0,15,3.8202,11.176,1.28,12.456,20.0,20.0,1.5,1.0,32.8642,0.0,0.0,3.0,600.0,600.0,1.0,1.0,1.0,26794.71508,0.0,26794.71508
W1_P4,54.0,16,3.75,10.108,0.0,10.108,20.0,20.0,1.5,1.0,35.142,0.0,0.0,3.0,600.0,600.0,1.0,1.0,1.0,27864.4508,0.0,27864.4508
W1_P4,54.0,17,3.1398,6.384,0.0,6.384,20.0,20.0,1.5,1.0,38.2558,0.0,0.0,3.0,600.0,600.0,1.0,1.0,1.0,29197.17292,0.0,29197.17292
W1_P4,54.0,18,2.61,6.428,0.0,6.428,2.0,2.0,0.15,0.1,0.332,0.0,0.0,0.3,60.0,60.0,0.1,0.1,0.1,1730.8968,0.0,1730.8968
W1_P4,54.0,19,2.1198,5.736,0.0,5.736,2.0,2.0,0.15,0.1,0.5338,0.0,0.0,0.3,60.0,60.0,0.1,0.1,0.1,1789.02112,0.0,1789.02112
W1_P4,54.0,20,1.86,3.752,0.0,3.752,11.410024,11.410024,0.855752,0.570501,21.7838,0.0,0.0,1.711504,342.300723,342.300723,0.570501,0.570501,0.570501,20896.338648,0.0,20896.338648
W1_P4,54.0,21,1.6302,3.692,0.0,3.692,20.0,20.0,1.5,1.0,39.4382,0.0,0.0,3.0,600.0,600.0,1.0,1.0,1.0,29511.56268,0.0,29511.56268
W1_P4,54.0,22,1.56,4.88,0.0,4.88,20.0,20.0,1.5,1.0,38.18,0.0,0.0,3.0,600.0,600.0,1.0,1.0,1.0,28925.532,0.0,28925.532
W1_P4,54.0,23,1.4802,3.192,0.0,3.192,20.0,20.0,1.5,1.0,39.7882,0.0,0.0,3.0,600.0,600.0,1.0,1.0,1.0,19105.27968,0.0,19105.27968
W1_P4,45.0,0,1.3698,9.776,0.0,9.776,20.0,20.0,1.5,1.0,33.0938,0.0,0.0,3.0,600.0,600.0,1.0,1.0,1.0,17800.71712,0.0,17800.71712
W1_P4,45.0,1,1.0998,10.904,0.0,10.904,20.0,20.0,1.5,1.0,31.6958,0.0,0.0,3.0,600.0,600.0,1.0,1.0,1.0,17491.24192,0.0,17491.24192
W1_P4,45.0,2,0.7998,15.152,0.0,15.152,20.0,20.0,1.5,1.0,27.1478,0.0,0.0,3.0,600.0,600.0,1.0,1.0,1.0,16571.20672,0.0,16571.20672
W1_P4,45.0,3,0.99,13.312,0.0,13.312,20.0,20.0,1.5,1.0,29.178,0.0,0.0,3.0,600.0,600.0,1.0,1.0,1.0,16990.3472,0.0,16990.3472
W1_P4,45.0,4,1.1802,15.072,0.0,15.072,20.0,20.0,1.5,1.0,27.6082,0.0,0.0,3.0,600.0,600.0,1.0,1.0,1.0,16716.84768,0.0,16716.84768
W1_P4,45.0,5,1.6302,18.724,0.0,18.724,20.0,20.0,1.5,1.0,24.4062,0.0,0.0,3.0,600.0,600.0,1.0,1.0,1.0,16168.28288,0.0,16168.28288
W1_P4,45.0,6,2.5002,9.628,0.0,9.628,20.0,20.0,1.5,1.0,34.3722,0.0,0.0,3.0,600.0,600.0,1.0,1.0,1.0,18216.24128,0.0,18216.24128
W1_P4,45.0,7,3.3702,22.804,0.0,22.804,15.513157,15.513157,1.163487,0.775658,12.756,0.0,0.0,2.326973,465.394699,465.394699,0.775658,0.775658,0.775658,15049.21053,0.0,15049.21053
W1_P4,45.0,8,4.0098,17.852,0.0,17.852,6.67094,6.67094,0.50032,0.333547,0.0,-0.0,0.0,1.000641,200.128193,200.128193,0.333547,0.333547,0.333547,4346.535581,-0.0,4346.535581
W1_P4,45.0,9,4.2,14.328,0.0,14.328,20.0,20.0,1.5,1.0,31.372,0.0,0.0,3.0,600.0,600.0,1.0,1.0,1.0,26207.5528,0.0,26207.5528
W1_P4,45.0,10,4.1202,11.904,0.0,11.904,3.751229,3.751229,0.281342,0.187561,0.0,-0.0,0.0,0.562684,112.536867,112.536867,0.187561,0.187561,0.187561,2723.969913,-0.0,2723.969913
W1_P4,45.0,11,3.9,7.736,1.28,9.016,2.465542,2.465542,0.184916,0.123277,0.0,-0.0,0.0,0.369831,73.966265,73.966265,0.123277,0.123277,0.123277,1930.755373,-0.0,1930.755373
W1_P4,45.0,12,3.2598,8.556,5.12,13.676,5.019855,5.019855,0.376489,0.250993,0.0,-0.0,0.0,0.752978,150.595663,150.595663,0.250993,0.250993,0.250993,3153.516834,-0.0,3153.516834
W1_P4,45.0,13,2.6898,14.52,7.68,22.2,9.402506,9.402506,0.705188,0.470125,0.0,-0.0,0.0,1.410376,282.075181,282.075181,0.470125,0.470125,0.470125,5451.636882,-0.0,5451.636882
W1_P4,45.0,14,3.63,6.708,5.12,11.828,3.950843,3.950843,0.296313,0.197542,0.0,-0.0,0.0,0.592627,118.525301,118.525301,0.197542,0.197542,0.197542,2608.90347,-0.0,2608.90347
W1_P4,45.0,15,3.8202,11.176,1.28,12.456,4.161831,4.161831,0.312137,0.208092,0.0,-0.0,0.0,0.624275,124.85494,124.85494,0.208092,0.208092,0.208092,2871.082106,-0.0,2871.082106
W1_P4,45.0,16,3.75,10.108,0.0,10.108,3.064096,3.064096,0.229807,0.153205,0.0,-0.0,0.0,0.459614,91.922892,91.922892,0.153205,0.153205,0.153205,2282.683711,-0.0,2282.683711
W1_P4,45.0,17,3.1398,6.384,0.0,6.384,20.0,20.0,1.5,1.0,38.2558,0.0,0.0,3.0,600.0,600.0,1.0,1.0,1.0,29197.17292,0.0,29197.17292
W1_P4,45.0,18,2.61,6.428,0.0,6.428,2.0,2.0,0.15,0.1,0.332,0.0,0.0,0.3,60.0,60.0,0.1,0.1,0.1,1730.8968,0.0,1730.8968
W1_P4,45.0,19,2.1198,5.736,0.0,5.736,2.0,2.0,0.15,0.1,0.5338,0.0,0.0,0.3,60.0,60.0,0.1,0.1,0.1,1789.02112,0.0,1789.02112
W1_P4,45.0,20,1.86,3.752,0.0,3.752,2.0,2.0,0.15,0.1,2.258,0.0,0.0,0.3,60.0,60.0,0.1,0.1,0.1,2874.9192,0.0,2874.9192
W1_P4,45.0,21,1.6302,3.692,0.0,3.692,20.0,20.0,1.5,1.0,39.4382,0.0,0.0,3.0,600.0,600.0,1.0,1.0,1.0,29511.56268,0.0,29511.56268
W1_P4,45.0,22,1.56,4.88,0.0,4.88,20.0,20.0,1.5,1.0,38.18,0.0,0.0,3.0,600.0,600.0,1.0,1.0,1.0,28925.532,0.0,28925.532
W1_P4,45.0,23,1.4802,3.192,0.0,3.192,20.0,20.0,1.5,1.0,39.7882,0.0,0.0,3.0,600.0,600.0,1.0,1.0,1.0,19105.27968,0.0,19105.27968
W1_P4,36.0,0,1.3698,9.776,0.0,9.776,20.0,20.0,1.5,1.0,33.0938,0.0,0.0,3.0,600.0,600.0,1.0,1.0,1.0,17800.71712,0.0,17800.71712
W1_P4,36.0,1,1.0998,10.904,0.0,10.904,20.0,20.0,1.5,1.0,31.6958,0.0,0.0,3.0,600.0,600.0,1.0,1.0,1.0,17491.24192,0.0,17491.24192
W1_P4,36.0,2,0.7998,15.152,0.0,15.152,20.0,20.0,1.5,1.0,27.1478,0.0,0.0,3.0,600.0,600.0,1.0,1.0,1.0,16571.20672,0.0,16571.20672
W1_P4,36.0,3,0.99,13.312,0.0,13.312,20.0,20.0,1.5,1.0,29.178,0.0,0.0,3.0,600.0,600.0,1.0,1.0,1.0,16990.3472,0.0,16990.3472
W1_P4,36.0,4,1.1802,15.072,0.0,15.072,20.0,20.0,1.5,1.0,27.6082,0.0,0.0,3.0,600.0,600.0,1.0,1.0,1.0,16716.84768,0.0,16716.84768
W1_P4,36.0,5,1.6302,18.724,0.0,18.724,20.0,20.0,1.5,1.0,24.4062,0.0,0.0,3.0,600.0,600.0,1.0,1.0,1.0,16168.28288,0.0,16168.28288
W1_P4,36.0,6,2.5002,9.628,0.0,9.628,20.0,20.0,1.5,1.0,34.3722,0.0,0.0,3.0,600.0,600.0,1.0,1.0,1.0,18216.24128,0.0,18216.24128
W1_P4,36.0,7,3.3702,22.804,0.0,22.804,9.365687,9.365687,0.702427,0.468284,0.0,0.0,0.0,1.404853,280.970602,280.970602,0.468284,0.468284,0.468284,5763.42654,0.0,5763.42654
W1_P4,36.0,8,4.0098,17.852,0.0,17.852,6.67094,6.67094,0.50032,0.333547,0.0,0.0,0.0,1.000641,200.128193,200.128193,0.333547,0.333547,0.333547,4346.535581,0.0,4346.535581
W1_P4,36.0,9,4.2,14.328,0.0,14.328,20.0,20.0,1.5,1.0,31.372,0.0,0.0,3.0,600.0,600.0,1.0,1.0,1.0,26207.5528,0.0,26207.5528
W1_P4,36.0,10,4.1202,11.904,0.0,11.904,3.751229,3.751229,0.281342,0.187561,0.0,0.0,0.0,0.562684,112.536867,112.536867,0.187561,0.187561,0.187561,2723.969913,0.0,2723.969913
W1_P4,36.0,11,3.9,7.736,1.28,9.016,2.465542,2.465542,0.184916,0.123277,0.0,0.0,0.0,0.369831,73.966265,73.966265,0.123277,0.123277,0.123277,1930.755373,0.0,1930.755373
W1_P4,36.0,12,3.2598,8.556,5.12,13.676,5.019855,5.019855,0.376489,0.250993,0.0,0.0,0.0,0.752978,150.595663,150.595663,0.250993,0.250993,0.250993,3153.516834,0.0,3153.516834
W1_P4,36.0,13,2.6898,14.52,7.68,22.2,9.402506,9.402506,0.705188,0.470125,0.0,0.0,0.0,1.410376,282.075181,282.075181,0.470125,0.470125,0.470125,5451.636882,0.0,5451.636882
W1_P4,36.0,14,3.63,6.708,5.12,11.828,3.950843,3.950843,0.296313,0.197542,0.0,0.0,0.0,0.592627,118.525301,118.525301,0.197542,0.197542,0.197542,2608.90347,0.0,2608.90347
W1_P4,36.0,15,3.8202,11.176,1.28,12.456,4.161831,4.161831,0.312137,0.208092,0.0,0.0,0.0,0.624275,124.85494,124.85494,0.208092,0.208092,0.208092,2871.082106,0.0,2871.082106
W1_P4,36.0,16,3.75,10.108,0.0,10.108,3.064096,3.064096,0.229807,0.153205,0.0,0.0,0.0,0.459614,91.922892,91.922892,0.153205,0.153205,0.153205,2282.683711,0.0,2282.683711
W1_P4,36.0,17,3.1398,6.384,0.0,6.384,2.0,2.0,0.15,0.1,0.9058,0.0,0.0,0.3,60.0,60.0,0.1,0.1,0.1,2008.08292,0.0,2008.08292
W1_P4,36.0,18,2.61,6.428,0.0,6.428,2.0,2.0,0.15,0.1,0.332,0.0,0.0,0.3,60.0,60.0,0.1,0.1,0.1,1730.8968,0.0,1730.8968
W1_P4,36.0,19,2.1198,5.736,0.0,5.736,2.0,2.0,0.15,0.1,0.5338,0.0,0.0,0.3,60.0,60.0,0.1,0.1,0.1,1789.02112,0.0,1789.02112
W1_P4,36.0,20,1.86,3.752,0.0,3.752,2.0,2.0,0.15,0.1,2.258,0.0,0.0,0.3,60.0,60.0,0.1,0.1,0.1,2874.9192,0.0,2874.9192
W1_P4,36.0,21,1.6302,3.692,0.0,3.692,2.0,2.0,0.15,0.1,2.0882,0.0,0.0,0.3,60.0,60.0,0.1,0.1,0.1,2322.47268,0.0,2322.47268
W1_P4,36.0,22,1.56,4.88,0.0,4.88,2.14747,2.14747,0.16106,0.107373,1.136,0.0,0.0,0.32212,64.424096,64.424096,0.107373,0.107373,0.107373,1959.19599,0.0,1959.19599
W1_P4,36.0,23,1.4802,3.192,0.0,3.192,20.0,20.0,1.5,1.0,39.7882,0.0,0.0,3.0,600.0,600.0,1.0,1.0,1.0,19105.27968,0.0,19105.27968
W2_P1,72.0,0,1.3698,5.312,0.0,5.312,20.0,20.0,1.5,1.0,37.5578,0.0,0.0,3.0,600.0,600.0,1.0,1.0,1.0,18659.59072,0.0,18659.59072
W2_P1,72.0,1,1.0998,8.5,0.0,8.5,20.0,20.0,1.5,1.0,34.0998,0.0,0.0,3.0,600.0,600.0,1.0,1.0,1.0,17953.77152,0.0,17953.77152
W2_P1,72.0,2,0.7998,9.38,0.0,9.38,20.0,20.0,1.5,1.0,32.9198,0.0,0.0,3.0,600.0,600.0,1.0,1.0,1.0,17681.73952,0.0,17681.73952
W2_P1,72.0,3,0.99,10.304,0.0,10.304,20.0,20.0,1.5,1.0,32.186,0.0,0.0,3.0,600.0,600.0,1.0,1.0,1.0,17569.0864,0.0,17569.0864
W2_P1,72.0,4,1.1802,9.9,0.0,9.9,20.0,20.0,1.5,1.0,32.7802,0.0,0.0,3.0,600.0,600.0,1.0,1.0,1.0,17711.94048,0.0,17711.94048
W2_P1,72.0,5,1.6302,9.62,0.0,9.62,20.0,20.0,1.5,1.0,33.5102,0.0,0.0,3.0,600.0,600.0,1.0,1.0,1.0,17919.89248,0.0,17919.89248
W2_P1,72.0,6,2.5002,9.14,14.08,23.22,20.0,20.0,1.5,1.0,20.7802,0.0,0.0,3.0,600.0,600.0,1.0,1.0,1.0,15178.74048,0.0,15178.74048
W2_P1,72.0,7,3.3702,7.64,25.6,33.24,20.0,20.0,1.5,1.0,11.6302,0.0,0.0,3.0,600.0,600.0,1.0,1.0,1.0,16285.18348,0.0,16285.18348
W2_P1,72.0,8,4.0098,4.748,37.12,41.868,20.0,20.0,1.5,1.0,3.6418,0.0,0.0,3.0,600.0,600.0,1.0,1.0,1.0,12381.62932,0.0,12381.62932
W2_P1,72.0,9,4.2,4.86,46.08,50.94,20.0,20.0,1.5,1.0,0.0,5.24,0.0,3.0,600.0,600.0,1.0,1.0,1.0,11261.6,1980.196,9281.404
W2_P1,72.0,10,4.1202,5.336,52.48,57.816,20.0,20.0,1.5,1.0,0.0,12.1958,0.0,3.0,600.0,600.0,1.0,1.0,1.0,12101.0,4608.79282,7492.20718
W2_P1,72.0,11,3.9,4.292,55.04,59.332,20.0,20.0,1.5,1.0,0.0,13.932,0.0,3.0,600.0,600.0,1.0,1.0,1.0,12251.6,5264.9028,6986.6972
W2_P1,72.0,12,3.2598,4.168,56.32,60.488,20.0,20.0,1.5,1.0,0.0,15.7282,0.0,3.0,600.0,600.0,1.0,1.0,1.0,12386.6,5943.68678,6442.91322
W2_P1,72.0,13,2.6898,6.788,56.32,63.108,20.0,20.0,1.5,1.0,0.0,18.9182,0.0,3.0,600.0,600.0,1.0,1.0,1.0,12779.6,7149.18778,5630.41222
W2_P1,72.0,14,3.63,8.364,52.48,60.844,20.0,20.0,1.5,1.0,0.0,15.714,0.0,3.0,600.0,600.0,1.0,1.0,1.0,12555.2,5938.3206,6616.8794
W2_P1,72.0,15,3.8202,8.404,44.8,53.204,20.0,20.0,1.5,1.0,0.0,7.8838,0.0,3.0,600.0,600.0,1.0,1.0,1.0,11639.6,2979.28802,8660.31198
W2_P1,72.0,16,3.75,5.896,33.28,39.176,20.0,20.0,1.5,1.0,6.074,0.0,0.0,3.0,600.0,600.0,1.0,1.0,1.0,13570.3476,0.0,13570.3476
W2_P1,72.0,17,3.1398,6.608,24.32,30.928,20.0,20.0,1.5,1.0,13.7118,0.0,0.0,3.0,600.0,600.0,1.0,1.0,1.0,17241.14732,0.0,17241.14732
W2_P1,72.0,18,2.61,6.252,11.52,17.772,20.0,20.0,1.5,1.0,26.338,0.0,0.0,3.0,600.0,600.0,1.0,1.0,1.0,28456.8112,0.0,28456.8112
W2_P1,72.0,19,2.1198,4.312,0.0,4.312,20.0,20.0,1.5,1.0,39.3078,0.0,0.0,3.0,600.0,600.0,1.0,1.0,1.0,37190.37872,0.0,37190.37872
W2_P1,72.0,20,1.86,2.328,0.0,2.328,20.0,20.0,1.5,1.0,41.032,0.0,0.0,3.0,600.0,600.0,1.0,1.0,1.0,38276.2768,0.0,38276.2768
W2_P1,72.0,21,1.6302,1.492,0.0,1.492,20.0,20.0,1.5,1.0,41.6382,0.0,0.0,3.0,600.0,600.0,1.0,1.0,1.0,30517.84268,0.0,30517.84268
W2_P1,72.0,22,1.56,2.124,0.0,2.124,20.0,20.0,1.5,1.0,40.936,0.0,0.0,3.0,600.0,600.0,1.0,1.0,1.0,30186.1264,0.0,30186.1264
W2_P1,72.0,23,1.4802,3.696,0.0,3.696,20.0,20.0,1.5,1.0,39.2842,0.0,0.0,3.0,600.0,600.0,1.0,1.0,1.0,19008.31008,0.0,19008.31008
W2_P1,63.0,0,1.3698,5.312,0.0,5.312,20.0,20.0,1.5,1.0,37.5578,0.0,0.0,3.0,600.0,600.0,1.0,1.0,1.0,18659.59072,0.0,18659.59072
W2_P1,63.0,1,1.0998,8.5,0.0,8.5,20.0,20.0,1.5,1.0,34.0998,0.0,0.0,3.0,600.0,600.0,1.0,1.0,1.0,17953.77152,0.0,17953.77152
W2_P1,63.0,2,0.7998,9.38,0.0,9.38,20.0,20.0,1.5,1.0,32.9198,0.0,0.0,3.0,600.0,600.0,1.0,1.0,1.0,17681.73952,0.0,17681.73952
W2_P1,63.0,3,0.99,10.304,0.0,10.304,20.0,20.0,1.5,1.0,32.186,0.0,0.0,3.0,600.0,600.0,1.0,1.0,1.0,17569.0864,0.0,17569.0864
W2_P1,63.0,4,1.1802,9.9,0.0,9.9,20.0,20.0,1.5,1.0,32.7802,0.0,0.0,3.0,600.0,600.0,1.0,1.0,1.0,17711.94048,0.0,17711.94048
W2_P1,63.0,5,1.6302,9.62,0.0,9.62,20.0,20.0,1.5,1.0,33.5102,0.0,0.0,3.0,600.0,600.0,1.0,1.0,1.0,17919.89248,0.0,17919.89248
W2_P1,63.0,6,2.5002,9.14,14.08,23.22,20.0,20.0,1.5,1.0,20.7802,0.0,0.0,3.0,600.0,600.0,1.0,1.0,1.0,15178.74048,0.0,15178.74048
W2_P1,63.0,7,3.3702,7.64,25.6,33.24,20.0,20.0,1.5,1.0,11.6302,0.0,0.0,3.0,600.0,600.0,1.0,1.0,1.0,16285.18348,0.0,16285.18348
W2_P1,63.0,8,4.0098,4.748,37.12,41.868,20.0,20.0,1.5,1.0,3.6418,0.0,0.0,3.0,600.0,600.0,1.0,1.0,1.0,12381.62932,0.0,12381.62932
W2_P1,63.0,9,4.2,4.86,46.08,50.94,20.0,20.0,1.5,1.0,0.0,5.24,0.0,3.0,600.0,600.0,1.0,1.0,1.0,11261.6,1980.196,9281.404
W2_P1,63.0,10,4.1202,5.336,52.48,57.816,20.0,20.0,1.5,1.0,0.0,12.1958,0.0,3.0,600.0,600.0,1.0,1.0,1.0,12101.0,4608.79282,7492.20718
W2_P1,63.0,11,3.9,4.292,55.04,59.332,20.0,20.0,1.5,1.0,0.0,13.932,0.0,3.0,600.0,600.0,1.0,1.0,1.0,12251.6,5264.9028,6986.6972
W2_P1,63.0,12,3.2598,4.168,56.32,60.488,20.0,20.0,1.5,1.0,0.0,15.7282,0.0,3.0,600.0,600.0,1.0,1.0,1.0,12386.6,5943.68678,6442.91322
W2_P1,63.0,13,2.6898,6.788,56.32,63.108,20.0,20.0,1.5,1.0,0.0,18.9182,0.0,3.0,600.0,600.0,1.0,1.0,1.0,12779.6,7149.18778,5630.41222
W2_P1,63.0,14,3.63,8.364,52.48,60.844,20.0,20.0,1.5,1.0,0.0,15.714,0.0,3.0,600.0,600.0,1.0,1.0,1.0,12555.2,5938.3206,6616.8794
W2_P1,63.0,15,3.8202,8.404,44.8,53.204,20.0,20.0,1.5,1.0,0.0,7.8838,0.0,3.0,600.0,600.0,1.0,1.0,1.0,11639.6,2979.28802,8660.31198
W2_P1,63.0,16,3.75,5.896,33.28,39.176,20.0,20.0,1.5,1.0,6.074,0.0,0.0,3.0,600.0,600.0,1.0,1.0,1.0,13570.3476,0.0,13570.3476
W2_P1,63.0,17,3.1398,6.608,24.32,30.928,20.0,20.0,1.5,1.0,13.7118,0.0,0.0,3.0,600.0,600.0,1.0,1.0,1.0,17241.14732,0.0,17241.14732
W2_P1,63.0,18,2.61,6.252,11.52,17.772,7.306988,7.306988,0.548024,0.365349,0.0,0.0,0.0,1.096048,219.209639,219.209639,0.365349,0.365349,0.365349,4148.043036,0.0,4148.043036
W2_P1,63.0,19,2.1198,4.312,0.0,4.312,2.0,2.0,0.15,0.1,1.9578,0.0,0.0,0.3,60.0,60.0,0.1,0.1,0.1,2718.03872,0.0,2718.03872
W2_P1,63.0,20,1.86,2.328,0.0,2.328,2.0,2.0,0.15,0.1,3.682,0.0,0.0,0.3,60.0,60.0,0.1,0.1,0.1,3803.9368,0.0,3803.9368
W2_P1,63.0,21,1.6302,1.492,0.0,1.492,8.693012,8.693012,0.651976,0.434651,18.1762,0.0,0.0,1.303952,260.790361,260.790361,0.434651,0.434651,0.434651,13438.580844,0.0,13438.580844
W2_P1,63.0,22,1.56,2.124,0.0,2.124,20.0,20.0,1.5,1.0,40.936,0.0,0.0,3.0,600.0,600.0,1.0,1.0,1.0,30186.1264,0.0,30186.1264
W2_P1,63.0,23,1.4802,3.696,0.0,3.696,20.0,20.0,1.5,1.0,39.2842,0.0,0.0,3.0,600.0,600.0,1.0,1.0,1.0,19008.31008,0.0,19008.31008
W2_P1,54.0,0,1.3698,5.312,0.0,5.312,20.0,20.0,1.5,1.0,37.5578,0.0,0.0,3.0,600.0,600.0,1.0,1.0,1.0,18659.59072,0.0,18659.59072
W2_P1,54.0,1,1.0998,8.5,0.0,8.5,20.0,20.0,1.5,1.0,34.0998,0.0,0.0,3.0,600.0,600.0,1.0,1.0,1.0,17953.77152,0.0,17953.77152
W2_P1,54.0,2,0.7998,9.38,0.0,9.38,20.0,20.0,1.5,1.0,32.9198,0.0,0.0,3.0,600.0,600.0,1.0,1.0,1.0,17681.73952,0.0,17681.73952
W2_P1,54.0,3,0.99,10.304,0.0,10.304,20.0,20.0,1.5,1.0,32.186,0.0,0.0,3.0,600.0,600.0,1.0,1.0,1.0,17569.0864,0.0,17569.0864
W2_P1,54.0,4,1.1802,9.9,0.0,9.9,20.0,20.0,1.5,1.0,32.7802,0.0,0.0,3.0,600.0,600.0,1.0,1.0,1.0,17711.94048,0.0,17711.94048
W2_P1,54.0,5,1.6302,9.62,0.0,9.62,20.0,20.0,1.5,1.0,33.5102,0.0,0.0,3.0,600.0,600.0,1.0,1.0,1.0,17919.89248,0.0,17919.89248
W2_P1,54.0,6,2.5002,9.14,14.08,23.22,20.0,20.0,1.5,1.0,20.7802,0.0,0.0,3.0,600.0,600.0,1.0,1.0,1.0,15178.74048,0.0,15178.74048
W2_P1,54.0,7,3.3702,7.64,25.6,33.24,14.395084,14.395084,1.079631,0.719754,0.0,0.0,0.0,2.159263,431.85253,431.85253,0.719754,0.719754,0.719754,7818.930347,0.0,7818.930347
W2_P1,54.0,8,4.0098,4.748,37.12,41.868,18.244916,18.244916,1.368369,0.912246,0.0,0.0,0.0,2.736737,547.34747,547.34747,0.912246,0.912246,0.912246,9730.565653,0.0,9730.565653
W2_P1,54.0,9,4.2,4.86,46.08,50.94,20.0,20.0,1.5,1.0,0.0,5.24,0.0,3.0,600.0,600.0,1.0,1.0,1.0,11261.6,1980.196,9281.404
W2_P1,54.0,10,4.1202,5.336,52.48,57.816,20.0,20.0,1.5,1.0,0.0,12.1958,0.0,3.0,600.0,600.0,1.0,1.0,1.0,12101.0,4608.79282,7492.20718
W2_P1,54.0,11,3.9,4.292,55.04,59.332,20.0,20.0,1.5,1.0,0.0,13.932,0.0,3.0,600.0,600.0,1.0,1.0,1.0,12251.6,5264.9028,6986.6972
W2_P1,54.0,12,3.2598,4.168,56.32,60.488,20.0,20.0,1.5,1.0,0.0,15.7282,0.0,3.0,600.0,600.0,1.0,1.0,1.0,12386.6,5943.68678,6442.91322
W2_P1,54.0,13,2.6898,6.788,56.32,63.108,20.0,20.0,1.5,1.0,0.0,18.9182,0.0,3.0,600.0,600.0,1.0,1.0,1.0,12779.6,7149.18778,5630.41222
W2_P1,54.0,14,3.63,8.364,52.48,60.844,19.588337,19.588337,1.469125,0.979417,0.0,16.5682,0.0,2.938251,587.65012,587.65012,0.979417,0.979417,0.979417,12452.222588,6261.12278,6191.099808
W2_P1,54.0,15,3.8202,8.404,44.8,53.204,2.0,2.0,0.15,0.1,0.0,45.2338,0.0,0.3,60.0,60.0,0.1,0.1,0.1,7136.9,17093.85302,-9956.95302
W2_P1,54.0,16,3.75,5.896,33.28,39.176,17.072771,17.072771,1.280458,0.853639,0.0,0.0,0.0,2.560916,512.183133,512.183133,0.853639,0.853639,0.853639,9148.753687,0.0,9148.753687
W2_P1,54.0,17,3.1398,6.608,24.32,30.928,13.391904,13.391904,1.004393,0.669595,0.0,0.0,0.0,2.008786,401.757108,401.757108,0.669595,0.669595,0.669595,7259.584689,0.0,7259.584689
W2_P1,54.0,18,2.61,6.252,11.52,17.772,7.306988,7.306988,0.548024,0.365349,0.0,0.0,0.0,1.096048,219.209639,219.209639,0.365349,0.365349,0.365349,4148.043036,0.0,4148.043036
W2_P1,54.0,19,2.1198,4.312,0.0,4.312,2.0,2.0,0.15,0.1,1.9578,0.0,0.0,0.3,60.0,60.0,0.1,0.1,0.1,2718.03872,0.0,2718.03872
W2_P1,54.0,20,1.86,2.328,0.0,2.328,2.0,2.0,0.15,0.1,3.682,0.0,0.0,0.3,60.0,60.0,0.1,0.1,0.1,3803.9368,0.0,3803.9368
W2_P1,54.0,21,1.6302,1.492,0.0,1.492,2.0,2.0,0.15,0.1,4.2882,0.0,0.0,0.3,60.0,60.0,0.1,0.1,0.1,3328.75268,0.0,3328.75268
W2_P1,54.0,22,1.56,2.124,0.0,2.124,2.0,2.0,0.15,0.1,3.586,0.0,0.0,0.3,60.0,60.0,0.1,0.1,0.1,2997.0364,0.0,2997.0364
W2_P1,54.0,23,1.4802,3.696,0.0,3.696,20.0,20.0,1.5,1.0,39.2842,0.0,0.0,3.0,600.0,600.0,1.0,1.0,1.0,19008.31008,0.0,19008.31008
W2_P1,45.0,0,1.3698,5.312,0.0,5.312,20.0,20.0,1.5,1.0,37.5578,0.0,0.0,3.0,600.0,600.0,1.0,1.0,1.0,18659.59072,0.0,18659.59072
W2_P1,45.0,1,1.0998,8.5,0.0,8.5,20.0,20.0,1.5,1.0,34.0998,0.0,0.0,3.0,600.0,600.0,1.0,1.0,1.0,17953.77152,0.0,17953.77152
W2_P1,45.0,2,0.7998,9.38,0.0,9.38,20.0,20.0,1.5,1.0,32.9198,0.0,0.0,3.0,600.0,600.0,1.0,1.0,1.0,17681.73952,0.0,17681.73952
W2_P1,45.0,3,0.99,10.304,0.0,10.304,20.0,20.0,1.5,1.0,32.186,0.0,0.0,3.0,600.0,600.0,1.0,1.0,1.0,17569.0864,0.0,17569.0864
W2_P1,45.0,4,1.1802,9.9,0.0,9.9,20.0,20.0,1.5,1.0,32.7802,0.0,0.0,3.0,600.0,600.0,1.0,1.0,1.0,17711.94048,0.0,17711.94048
W2_P1,45.0,5,1.6302,9.62,0.0,9.62,20.0,20.0,1.5,1.0,33.5102,-0.0,0.0,3.0,600.0,600.0,1.0,1.0,1.0,17919.89248,-0.0,17919.89248
W2_P1,45.0,6,2.5002,9.14,14.08,23.22,20.0,20.0,1.5,1.0,20.7802,0.0,0.0,3.0,600.0,600.0,1.0,1.0,1.0,15178.74048,0.0,15178.74048
W2_P1,45.0,7,3.3702,7.64,25.6,33.24,14.395084,14.395084,1.079631,0.719754,0.0,0.0,0.0,2.159263,431.85253,431.85253,0.719754,0.719754,0.719754,7818.930347,0.0,7818.930347
W2_P1,45.0,8,4.0098,4.748,37.12,41.868,18.244916,18.244916,1.368369,0.912246,0.0,0.0,0.0,2.736737,547.34747,547.34747,0.912246,0.912246,0.912246,9730.565653,0.0,9730.565653
W2_P1,45.0,9,4.2,4.86,46.08,50.94,20.0,20.0,1.5,1.0,0.0,5.24,0.0,3.0,600.0,600.0,1.0,1.0,1.0,11261.6,1980.196,9281.404
W2_P1,45.0,10,4.1202,5.336,52.48,57.816,20.0,20.0,1.5,1.0,0.0,12.1958,0.0,3.0,600.0,600.0,1.0,1.0,1.0,12101.0,4608.79282,7492.20718
W2_P1,45.0,11,3.9,4.292,55.04,59.332,13.588337,13.588337,1.019125,0.679417,0.0,27.2362,0.0,2.038251,407.65012,407.65012,0.679417,0.679417,0.679417,10647.722588,10292.55998,355.162608
W2_P1,45.0,12,3.2598,4.168,56.32,60.488,2.0,2.0,0.15,0.1,0.0,53.0782,0.0,0.3,60.0,60.0,0.1,0.1,0.1,7883.9,20058.25178,-12174.35178
W2_P1,45.0,13,2.6898,6.788,56.32,63.108,2.0,2.0,0.15,0.1,0.0,56.2682,0.0,0.3,60.0,60.0,0.1,0.1,0.1,8276.9,21263.75278,-12986.85278
W2_P1,45.0,14,3.63,8.364,52.48,60.844,2.0,2.0,0.15,0.1,0.0,53.064,0.0,0.3,60.0,60.0,0.1,0.1,0.1,8052.5,20052.8856,-12000.3856
W2_P1,45.0,15,3.8202,8.404,44.8,53.204,2.0,2.0,0.15,0.1,0.0,45.2338,0.0,0.3,60.0,60.0,0.1,0.1,0.1,7136.9,17093.85302,-9956.95302
W2_P1,45.0,16,3.75,5.896,33.28,39.176,17.072771,17.072771,1.280458,0.853639,0.0,0.0,0.0,2.560916,512.183133,512.183133,0.853639,0.853639,0.853639,9148.753687,0.0,9148.753687
W2_P1,45.0,17,3.1398,6.608,24.32,30.928,13.391904,13.391904,1.004393,0.669595,0.0,0.0,0.0,2.008786,401.757108,401.757108,0.669595,0.669595,0.669595,7259.584689,0.0,7259.584689
W2_P1,45.0,18,2.61,6.252,11.52,17.772,7.306988,7.306988,0.548024,0.365349,0.0,0.0,0.0,1.096048,219.209639,219.209639,0.365349,0.365349,0.365349,4148.043036,0.0,4148.043036
W2_P1,45.0,19,2.1198,4.312,0.0,4.312,2.0,2.0,0.15,0.1,1.9578,0.0,0.0,0.3,60.0,60.0,0.1,0.1,0.1,2718.03872,0.0,2718.03872
W2_P1,45.0,20,1.86,2.328,0.0,2.328,2.0,2.0,0.15,0.1,3.682,0.0,0.0,0.3,60.0,60.0,0.1,0.1,0.1,3803.9368,0.0,3803.9368
W2_P1,45.0,21,1.6302,1.492,0.0,1.492,2.0,2.0,0.15,0.1,4.2882,0.0,0.0,0.3,60.0,60.0,0.1,0.1,0.1,3328.75268,0.0,3328.75268
W2_P1,45.0,22,1.56,2.124,0.0,2.124,2.0,2.0,0.15,0.1,3.586,0.0,0.0,0.3,60.0,60.0,0.1,0.1,0.1,2997.0364,0.0,2997.0364
W2_P1,45.0,23,1.4802,3.696,0.0,3.696,20.0,20.0,1.5,1.0,39.2842,0.0,0.0,3.0,600.0,600.0,1.0,1.0,1.0,19008.31008,0.0,19008.31008
W2_P1,36.0,0,1.3698,5.312,0.0,5.312,20.0,20.0,1.5,1.0,37.5578,0.0,0.0,3.0,600.0,600.0,1.0,1.0,1.0,18659.59072,0.0,18659.59072
W2_P1,36.0,1,1.0998,8.5,0.0,8.5,20.0,20.0,1.5,1.0,34.0998,-0.0,0.0,3.0,600.0,600.0,1.0,1.0,1.0,17953.77152,-0.0,17953.77152
W2_P1,36.0,2,0.7998,9.38,0.0,9.38,20.0,20.0,1.5,1.0,32.9198,0.0,0.0,3.0,600.0,600.0,1.0,1.0,1.0,17681.73952,0.0,17681.73952
W2_P1,36.0,3,0.99,10.304,0.0,10.304,20.0,20.0,1.5,1.0,32.186,0.0,0.0,3.0,600.0,600.0,1.0,1.0,1.0,17569.0864,0.0,17569.0864
W2_P1,36.0,4,1.1802,9.9,0.0,9.9,20.0,20.0,1.5,1.0,32.7802,-0.0,0.0,3.0,600.0,600.0,1.0,1.0,1.0,17711.94048,-0.0,17711.94048
W2_P1,36.0,5,1.6302,9.62,0.0,9.62,20.0,20.0,1.5,1.0,33.5102,-0.0,0.0,3.0,600.0,600.0,1.0,1.0,1.0,17919.89248,-0.0,17919.89248
W2_P1,36.0,6,2.5002,9.14,14.08,23.22,20.0,20.0,1.5,1.0,20.7802,0.0,0.0,3.0,600.0,600.0,1.0,1.0,1.0,15178.74048,0.0,15178.74048
W2_P1,36.0,7,3.3702,7.64,25.6,33.24,14.395084,14.395084,1.079631,0.719754,0.0,0.0,0.0,2.159263,431.85253,431.85253,0.719754,0.719754,0.719754,7818.930347,0.0,7818.930347
W2_P1,36.0,8,4.0098,4.748,37.12,41.868,18.244916,18.244916,1.368369,0.912246,0.0,0.0,0.0,2.736737,547.34747,547.34747,0.912246,0.912246,0.912246,9730.565653,0.0,9730.565653
W2_P1,36.0,9,4.2,4.86,46.08,50.94,2.0,2.0,0.15,0.1,0.0,42.59,0.0,0.3,60.0,60.0,0.1,0.1,0.1,6758.9,16094.761,-9335.861
W2_P1,36.0,10,4.1202,5.336,52.48,57.816,2.0,2.0,0.15,0.1,0.0,49.5458,0.0,0.3,60.0,60.0,0.1,0.1,0.1,7598.3,18723.35782,-11125.05782
W2_P1,36.0,11,3.9,4.292,55.04,59.332,2.0,2.0,0.15,0.1,0.0,51.282,0.0,0.3,60.0,60.0,0.1,0.1,0.1,7748.9,19379.4678,-11630.5678
W2_P1,36.0,12,3.2598,4.168,56.32,60.488,2.0,2.0,0.15,0.1,0.0,53.0782,0.0,0.3,60.0,60.0,0.1,0.1,0.1,7883.9,20058.25178,-12174.35178
W2_P1,36.0,13,2.6898,6.788,56.32,63.108,2.0,2.0,0.15,0.1,0.0,56.2682,0.0,0.3,60.0,60.0,0.1,0.1,0.1,8276.9,21263.75278,-12986.85278
W2_P1,36.0,14,3.63,8.364,52.48,60.844,2.0,2.0,0.15,0.1,0.0,53.064,0.0,0.3,60.0,60.0,0.1,0.1,0.1,8052.5,20052.8856,-12000.3856
W2_P1,36.0,15,3.8202,8.404,44.8,53.204,2.0,2.0,0.15,0.1,0.0,45.2338,0.0,0.3,60.0,60.0,0.1,0.1,0.1,7136.9,17093.85302,-9956.95302
W2_P1,36.0,16,3.75,5.896,33.28,39.176,4.661108,4.661108,0.349583,0.233055,0.0,25.7542,0.0,0.699166,139.833253,139.833253,0.233055,0.233055,0.233055,6043.976275,9732.51218,-3688.535905
W2_P1,36.0,17,3.1398,6.608,24.32,30.928,13.391904,13.391904,1.004393,0.669595,0.0,0.0,0.0,2.008786,401.757108,401.757108,0.669595,0.669595,0.669595,7259.584689,0.0,7259.584689
W2_P1,36.0,18,2.61,6.252,11.52,17.772,7.306988,7.306988,0.548024,0.365349,0.0,0.0,0.0,1.096048,219.209639,219.209639,0.365349,0.365349,0.365349,4148.043036,0.0,4148.043036
W2_P1,36.0,19,2.1198,4.312,0.0,4.312,2.0,2.0,0.15,0.1,1.9578,0.0,0.0,0.3,60.0,60.0,0.1,0.1,0.1,2718.03872,0.0,2718.03872
W2_P1,36.0,20,1.86,2.328,0.0,2.328,2.0,2.0,0.15,0.1,3.682,0.0,0.0,0.3,60.0,60.0,0.1,0.1,0.1,3803.9368,0.0,3803.9368
W2_P1,36.0,21,1.6302,1.492,0.0,1.492,2.0,2.0,0.15,0.1,4.2882,0.0,0.0,0.3,60.0,60.0,0.1,0.1,0.1,3328.75268,0.0,3328.75268
W2_P1,36.0,22,1.56,2.124,0.0,2.124,2.0,2.0,0.15,0.1,3.586,0.0,0.0,0.3,60.0,60.0,0.1,0.1,0.1,2997.0364,0.0,2997.0364
W2_P1,36.0,23,1.4802,3.696,0.0,3.696,20.0,20.0,1.5,1.0,39.2842,0.0,0.0,3.0,600.0,600.0,1.0,1.0,1.0,19008.31008,0.0,19008.31008
W2_P2,72.0,0,1.3698,5.312,0.0,5.312,20.0,20.0,1.5,1.0,37.5578,0.0,0.0,3.0,600.0,600.0,1.0,1.0,1.0,18659.59072,0.0,18659.59072
W2_P2,72.0,1,1.0998,8.5,0.0,8.5,20.0,20.0,1.5,1.0,34.0998,0.0,0.0,3.0,600.0,600.0,1.0,1.0,1.0,17953.77152,0.0,17953.77152
W2_P2,72.0,2,0.7998,9.38,0.0,9.38,20.0,20.0,1.5,1.0,32.9198,0.0,0.0,3.0,600.0,600.0,1.0,1.0,1.0,17681.73952,0.0,17681.73952
W2_P2,72.0,3,0.99,10.304,0.0,10.304,20.0,20.0,1.5,1.0,32.186,0.0,0.0,3.0,600.0,600.0,1.0,1.0,1.0,17569.0864,0.0,17569.0864
W2_P2,72.0,4,1.1802,9.9,0.0,9.9,20.0,20.0,1.5,1.0,32.7802,0.0,0.0,3.0,600.0,600.0,1.0,1.0,1.0,17711.94048,0.0,17711.94048
W2_P2,72.0,5,1.6302,9.62,0.0,9.62,20.0,20.0,1.5,1.0,33.5102,0.0,0.0,3.0,600.0,600.0,1.0,1.0,1.0,17919.89248,0.0,17919.89248
W2_P2,72.0,6,2.5002,9.14,0.0,9.14,20.0,20.0,1.5,1.0,34.8602,0.0,0.0,3.0,600.0,600.0,1.0,1.0,1.0,18310.13248,0.0,18310.13248
W2_P2,72.0,7,3.3702,7.64,3.2,10.84,20.0,20.0,1.5,1.0,34.0302,0.0,0.0,3.0,600.0,600.0,1.0,1.0,1.0,27202.94348,0.0,27202.94348
W2_P2,72.0,8,4.0098,4.748,10.88,15.628,20.0,20.0,1.5,1.0,29.8818,0.0,0.0,3.0,600.0,600.0,1.0,1.0,1.0,25171.00532,0.0,25171.00532
W2_P2,72.0,9,4.2,4.86,17.92,22.78,20.0,20.0,1.5,1.0,22.92,0.0,0.0,3.0,600.0,600.0,1.0,1.0,1.0,21804.008,0.0,21804.008
W2_P2,72.0,10,4.1202,5.336,24.96,30.296,20.0,20.0,1.5,1.0,15.3242,0.0,0.0,3.0,600.0,600.0,1.0,1.0,1.0,21094.73808,0.0,21094.73808
W2_P2,72.0,11,3.9,4.292,31.36,35.652,20.0,20.0,1.5,1.0,9.748,0.0,0.0,3.0,600.0,600.0,1.0,1.0,1.0,17231.7952,0.0,17231.7952
W2_P2,72.0,12,3.2598,4.168,35.84,40.008,20.0,20.0,1.5,1.0,4.7518,0.0,0.0,3.0,600.0,600.0,1.0,1.0,1.0,13741.84432,0.0,13741.84432
W2_P2,72.0,13,2.6898,6.788,37.12,43.908,20.0,20.0,1.5,1.0,0.2818,0.0,0.0,3.0,600.0,600.0,1.0,1.0,1.0,10701.71632,0.0,10701.71632
W2_P2,72.0,14,3.63,8.364,32.0,40.364,20.0,20.0,1.5,1.0,4.766,0.0,0.0,3.0,600.0,600.0,1.0,1.0,1.0,13921.8384,0.0,13921.8384
W2_P2,72.0,15,3.8202,8.404,25.6,34.004,20.0,20.0,1.5,1.0,11.3162,0.0,0.0,3.0,600.0,600.0,1.0,1.0,1.0,16209.05988,0.0,16209.05988
W2_P2,72.0,16,3.75,5.896,19.2,25.096,20.0,20.0,1.5,1.0,20.154,0.0,0.0,3.0,600.0,600.0,1.0,1.0,1.0,20432.9396,0.0,20432.9396
W2_P2,72.0,17,3.1398,6.608,9.6,16.208,20.0,20.0,1.5,1.0,28.4318,0.0,0.0,3.0,600.0,600.0,1.0,1.0,1.0,24415.67532,0.0,24415.67532
W2_P2,72.0,18,2.61,6.252,3.2,9.452,20.0,20.0,1.5,1.0,34.658,0.0,0.0,3.0,600.0,600.0,1.0,1.0,1.0,34134.3792,0.0,34134.3792
W2_P2,72.0,19,2.1198,4.312,0.0,4.312,20.0,20.0,1.5,1.0,39.3078,0.0,0.0,3.0,600.0,600.0,1.0,1.0,1.0,37190.37872,0.0,37190.37872
W2_P2,72.0,20,1.86,2.328,0.0,2.328,20.0,20.0,1.5,1.0,41.032,0.0,0.0,3.0,600.0,600.0,1.0,1.0,1.0,38276.2768,0.0,38276.2768
W2_P2,72.0,21,1.6302,1.492,0.0,1.492,20.0,20.0,1.5,1.0,41.6382,0.0,0.0,3.0,600.0,600.0,1.0,1.0,1.0,30517.84268,0.0,30517.84268
W2_P2,72.0,22,1.56,2.124,0.0,2.124,20.0,20.0,1.5,1.0,40.936,0.0,0.0,3.0,600.0,600.0,1.0,1.0,1.0,30186.1264,0.0,30186.1264
W2_P2,72.0,23,1.4802,3.696,0.0,3.696,20.0,20.0,1.5,1.0,39.2842,0.0,0.0,3.0,600.0,600.0,1.0,1.0,1.0,19008.31008,0.0,19008.31008
W2_P2,63.0,0,1.3698,5.312,0.0,5.312,20.0,20.0,1.5,1.0,37.5578,0.0,0.0,3.0,600.0,600.0,1.0,1.0,1.0,18659.59072,0.0,18659.59072
W2_P2,63.0,1,1.0998,8.5,0.0,8.5,20.0,20.0,1.5,1.0,34.0998,0.0,0.0,3.0,600.0,600.0,1.0,1.0,1.0,17953.77152,0.0,17953.77152
W2_P2,63.0,2,0.7998,9.38,0.0,9.38,20.0,20.0,1.5,1.0,32.9198,0.0,0.0,3.0,600.0,600.0,1.0,1.0,1.0,17681.73952,0.0,17681.73952
W2_P2,63.0,3,0.99,10.304,0.0,10.304,20.0,20.0,1.5,1.0,32.186,0.0,0.0,3.0,600.0,600.0,1.0,1.0,1.0,17569.0864,0.0,17569.0864
W2_P2,63.0,4,1.1802,9.9,0.0,9.9,20.0,20.0,1.5,1.0,32.7802,0.0,0.0,3.0,600.0,600.0,1.0,1.0,1.0,17711.94048,0.0,17711.94048
W2_P2,63.0,5,1.6302,9.62,0.0,9.62,20.0,20.0,1.5,1.0,33.5102,0.0,0.0,3.0,600.0,600.0,1.0,1.0,1.0,17919.89248,0.0,17919.89248
W2_P2,63.0,6,2.5002,9.14,0.0,9.14,20.0,20.0,1.5,1.0,34.8602,0.0,0.0,3.0,600.0,600.0,1.0,1.0,1.0,18310.13248,0.0,18310.13248
W2_P2,63.0,7,3.3702,7.64,3.2,10.84,20.0,20.0,1.5,1.0,34.0302,0.0,0.0,3.0,600.0,600.0,1.0,1.0,1.0,27202.94348,0.0,27202.94348
W2_P2,63.0,8,4.0098,4.748,10.88,15.628,20.0,20.0,1.5,1.0,29.8818,0.0,0.0,3.0,600.0,600.0,1.0,1.0,1.0,25171.00532,0.0,25171.00532
W2_P2,63.0,9,4.2,4.86,17.92,22.78,20.0,20.0,1.5,1.0,22.92,0.0,0.0,3.0,600.0,600.0,1.0,1.0,1.0,21804.008,0.0,21804.008
W2_P2,63.0,10,4.1202,5.336,24.96,30.296,12.614843,12.614843,0.946113,0.630742,-0.0,0.0,0.0,1.892227,378.445301,378.445301,0.630742,0.630742,0.630742,6951.20307,0.0,6951.20307
W2_P2,63.0,11,3.9,4.292,31.36,35.652,15.302169,15.302169,1.147663,0.765108,-0.0,0.0,0.0,2.295325,459.06506,459.06506,0.765108,0.765108,0.765108,8234.837494,0.0,8234.837494
W2_P2,63.0,12,3.2598,4.168,35.84,40.008,17.709976,17.709976,1.328248,0.885499,0.0,0.0,0.0,2.656496,531.299277,531.299277,0.885499,0.885499,0.885499,9356.150472,0.0,9356.150472
W2_P2,63.0,13,2.6898,6.788,37.12,43.908,19.864193,19.864193,1.489814,0.99321,-0.0,0.0,0.0,2.979629,595.925783,595.925783,0.99321,0.99321,0.99321,10441.627822,0.0,10441.627822
W2_P2,63.0,14,3.63,8.364,32.0,40.364,17.703133,17.703133,1.327735,0.885157,0.0,0.0,0.0,2.65547,531.093976,531.093976,0.885157,0.885157,0.885157,9523.038602,0.0,9523.038602
W2_P2,63.0,15,3.8202,8.404,25.6,34.004,20.0,20.0,1.5,1.0,11.3162,0.0,0.0,3.0,600.0,600.0,1.0,1.0,1.0,16209.05988,0.0,16209.05988
W2_P2,63.0,16,3.75,5.896,19.2,25.096,20.0,20.0,1.5,1.0,20.154,0.0,0.0,3.0,600.0,600.0,1.0,1.0,1.0,20432.9396,0.0,20432.9396
W2_P2,63.0,17,3.1398,6.608,9.6,16.208,20.0,20.0,1.5,1.0,28.4318,0.0,0.0,3.0,600.0,600.0,1.0,1.0,1.0,24415.67532,0.0,24415.67532
W2_P2,63.0,18,2.61,6.252,3.2,9.452,3.297349,3.297349,0.247301,0.164867,0.0,-0.0,0.0,0.494602,98.920482,98.920482,0.164867,0.164867,0.164867,2146.631952,-0.0,2146.631952
W2_P2,63.0,19,2.1198,4.312,0.0,4.312,2.0,2.0,0.15,0.1,1.9578,0.0,0.0,0.3,60.0,60.0,0.1,0.1,0.1,2718.03872,0.0,2718.03872
W2_P2,63.0,20,1.86,2.328,0.0,2.328,11.508337,11.508337,0.863125,0.575417,23.4118,0.0,0.0,1.726251,345.25012,345.25012,0.575417,0.575417,0.575417,22013.638908,0.0,22013.638908
W2_P2,63.0,21,1.6302,1.492,0.0,1.492,20.0,20.0,1.5,1.0,41.6382,0.0,0.0,3.0,600.0,600.0,1.0,1.0,1.0,30517.84268,0.0,30517.84268
W2_P2,63.0,22,1.56,2.124,0.0,2.124,20.0,20.0,1.5,1.0,40.936,0.0,0.0,3.0,600.0,600.0,1.0,1.0,1.0,30186.1264,0.0,30186.1264
W2_P2,63.0,23,1.4802,3.696,0.0,3.696,20.0,20.0,1.5,1.0,39.2842,0.0,0.0,3.0,600.0,600.0,1.0,1.0,1.0,19008.31008,0.0,19008.31008
W2_P2,54.0,0,1.3698,5.312,0.0,5.312,20.0,20.0,1.5,1.0,37.5578,0.0,0.0,3.0,600.0,600.0,1.0,1.0,1.0,18659.59072,0.0,18659.59072
W2_P2,54.0,1,1.0998,8.5,0.0,8.5,20.0,20.0,1.5,1.0,34.0998,0.0,0.0,3.0,600.0,600.0,1.0,1.0,1.0,17953.77152,0.0,17953.77152
W2_P2,54.0,2,0.7998,9.38,0.0,9.38,20.0,20.0,1.5,1.0,32.9198,0.0,0.0,3.0,600.0,600.0,1.0,1.0,1.0,17681.73952,0.0,17681.73952
W2_P2,54.0,3,0.99,10.304,0.0,10.304,20.0,20.0,1.5,1.0,32.186,0.0,0.0,3.0,600.0,600.0,1.0,1.0,1.0,17569.0864,0.0,17569.0864
W2_P2,54.0,4,1.1802,9.9,0.0,9.9,20.0,20.0,1.5,1.0,32.7802,0.0,0.0,3.0,600.0,600.0,1.0,1.0,1.0,17711.94048,0.0,17711.94048
W2_P2,54.0,5,1.6302,9.62,0.0,9.62,20.0,20.0,1.5,1.0,33.5102,0.0,0.0,3.0,600.0,600.0,1.0,1.0,1.0,17919.89248,0.0,17919.89248
W2_P2,54.0,6,2.5002,9.14,0.0,9.14,20.0,20.0,1.5,1.0,34.8602,0.0,0.0,3.0,600.0,600.0,1.0,1.0,1.0,18310.13248,0.0,18310.13248
W2_P2,54.0,7,3.3702,7.64,3.2,10.84,3.599904,3.599904,0.269993,0.179995,0.0,0.0,0.0,0.539986,107.997108,107.997108,0.179995,0.179995,0.179995,2430.515889,0.0,2430.515889
W2_P2,54.0,8,4.0098,4.748,10.88,15.628,5.599133,5.599133,0.419935,0.279957,0.0,0.0,0.0,0.83987,167.973976,167.973976,0.279957,0.279957,0.279957,3418.423002,0.0,3418.423002
W2_P2,54.0,9,4.2,4.86,17.92,22.78,14.011373,14.011373,1.050853,0.700569,10.4936,0.0,0.0,2.101706,420.341205,420.341205,0.700569,0.700569,0.700569,12758.15772,0.0,12758.15772
W2_P2,54.0,10,4.1202,5.336,24.96,30.296,12.614843,12.614843,0.946113,0.630742,0.0,-0.0,0.0,1.892227,378.445301,378.445301,0.630742,0.630742,0.630742,6951.20307,-0.0,6951.20307
W2_P2,54.0,11,3.9,4.292,31.36,35.652,15.302169,15.302169,1.147663,0.765108,0.0,0.0,0.0,2.295325,459.06506,459.06506,0.765108,0.765108,0.765108,8234.837494,0.0,8234.837494
W2_P2,54.0,12,3.2598,4.168,35.84,40.008,17.709976,17.709976,1.328248,0.885499,0.0,0.0,0.0,2.656496,531.299277,531.299277,0.885499,0.885499,0.885499,9356.150472,0.0,9356.150472
W2_P2,54.0,13,2.6898,6.788,37.12,43.908,19.864193,19.864193,1.489814,0.99321,0.0,0.0,0.0,2.979629,595.925783,595.925783,0.99321,0.99321,0.99321,10441.627822,0.0,10441.627822
W2_P2,54.0,14,3.63,8.364,32.0,40.364,17.703133,17.703133,1.327735,0.885157,0.0,0.0,0.0,2.65547,531.093976,531.093976,0.885157,0.885157,0.885157,9523.038602,0.0,9523.038602
W2_P2,54.0,15,3.8202,8.404,25.6,34.004,20.0,20.0,1.5,1.0,11.3162,0.0,0.0,3.0,600.0,600.0,1.0,1.0,1.0,16209.05988,0.0,16209.05988
W2_P2,54.0,16,3.75,5.896,19.2,25.096,20.0,20.0,1.5,1.0,20.154,0.0,0.0,3.0,600.0,600.0,1.0,1.0,1.0,20432.9396,0.0,20432.9396
W2_P2,54.0,17,3.1398,6.608,9.6,16.208,6.297928,6.297928,0.472345,0.314896,0.0,-0.0,0.0,0.944689,188.937831,188.937831,0.314896,0.314896,0.314896,3718.626617,-0.0,3718.626617
W2_P2,54.0,18,2.61,6.252,3.2,9.452,3.297349,3.297349,0.247301,0.164867,0.0,-0.0,0.0,0.494602,98.920482,98.920482,0.164867,0.164867,0.164867,2146.631952,-0.0,2146.631952
W2_P2,54.0,19,2.1198,4.312,0.0,4.312,2.0,2.0,0.15,0.1,1.9578,0.0,0.0,0.3,60.0,60.0,0.1,0.1,0.1,2718.03872,0.0,2718.03872
W2_P2,54.0,20,1.86,2.328,0.0,2.328,2.0,2.0,0.15,0.1,3.682,0.0,0.0,0.3,60.0,60.0,0.1,0.1,0.1,3803.9368,0.0,3803.9368
W2_P2,54.0,21,1.6302,1.492,0.0,1.492,20.0,20.0,1.5,1.0,41.6382,0.0,0.0,3.0,600.0,600.0,1.0,1.0,1.0,30517.84268,0.0,30517.84268
W2_P2,54.0,22,1.56,2.124,0.0,2.124,20.0,20.0,1.5,1.0,40.936,0.0,0.0,3.0,600.0,600.0,1.0,1.0,1.0,30186.1264,0.0,30186.1264
W2_P2,54.0,23,1.4802,3.696,0.0,3.696,20.0,20.0,1.5,1.0,39.2842,0.0,0.0,3.0,600.0,600.0,1.0,1.0,1.0,19008.31008,0.0,19008.31008
W2_P2,45.0,0,1.3698,5.312,0.0,5.312,20.0,20.0,1.5,1.0,37.5578,0.0,0.0,3.0,600.0,600.0,1.0,1.0,1.0,18659.59072,0.0,18659.59072
W2_P2,45.0,1,1.0998,8.5,0.0,8.5,20.0,20.0,1.5,1.0,34.0998,0.0,0.0,3.0,600.0,600.0,1.0,1.0,1.0,17953.77152,0.0,17953.77152
W2_P2,45.0,2,0.7998,9.38,0.0,9.38,20.0,20.0,1.5,1.0,32.9198,-0.0,0.0,3.0,600.0,600.0,1.0,1.0,1.0,17681.73952,-0.0,17681.73952
W2_P2,45.0,3,0.99,10.304,0.0,10.304,20.0,20.0,1.5,1.0,32.186,0.0,0.0,3.0,600.0,600.0,1.0,1.0,1.0,17569.0864,0.0,17569.0864
W2_P2,45.0,4,1.1802,9.9,0.0,9.9,20.0,20.0,1.5,1.0,32.7802,0.0,0.0,3.0,600.0,600.0,1.0,1.0,1.0,17711.94048,0.0,17711.94048
W2_P2,45.0,5,1.6302,9.62,0.0,9.62,20.0,20.0,1.5,1.0,33.5102,0.0,0.0,3.0,600.0,600.0,1.0,1.0,1.0,17919.89248,0.0,17919.89248
W2_P2,45.0,6,2.5002,9.14,0.0,9.14,20.0,20.0,1.5,1.0,34.8602,0.0,0.0,3.0,600.0,600.0,1.0,1.0,1.0,18310.13248,0.0,18310.13248
W2_P2,45.0,7,3.3702,7.64,3.2,10.84,3.599904,3.599904,0.269993,0.179995,0.0,0.0,0.0,0.539986,107.997108,107.997108,0.179995,0.179995,0.179995,2430.515889,0.0,2430.515889
W2_P2,45.0,8,4.0098,4.748,10.88,15.628,5.599133,5.599133,0.419935,0.279957,0.0,0.0,0.0,0.83987,167.973976,167.973976,0.279957,0.279957,0.279957,3418.423002,0.0,3418.423002
W2_P2,45.0,9,4.2,4.86,17.92,22.78,8.954217,8.954217,0.671566,0.447711,0.0,0.0,0.0,1.343133,268.626506,268.626506,0.447711,0.447711,0.447711,5119.297349,0.0,5119.297349
W2_P2,45.0,10,4.1202,5.336,24.96,30.296,12.614843,12.614843,0.946113,0.630742,0.0,0.0,0.0,1.892227,378.445301,378.445301,0.630742,0.630742,0.630742,6951.20307,0.0,6951.20307
W2_P2,45.0,11,3.9,4.292,31.36,35.652,15.302169,15.302169,1.147663,0.765108,0.0,0.0,0.0,2.295325,459.06506,459.06506,0.765108,0.765108,0.765108,8234.837494,0.0,8234.837494
W2_P2,45.0,12,3.2598,4.168,35.84,40.008,17.709976,17.709976,1.328248,0.885499,0.0,0.0,0.0,2.656496,531.299277,531.299277,0.885499,0.885499,0.885499,9356.150472,0.0,9356.150472
W2_P2,45.0,13,2.6898,6.788,37.12,43.908,19.864193,19.864193,1.489814,0.99321,0.0,0.0,0.0,2.979629,595.925783,595.925783,0.99321,0.99321,0.99321,10441.627822,0.0,10441.627822
W2_P2,45.0,14,3.63,8.364,32.0,40.364,15.224,15.224,1.1418,0.7612,0.0,5.1442,0.0,2.2836,456.72,456.72,0.7612,0.7612,0.7612,8902.8836,1943.99318,6958.89042
W2_P2,45.0,15,3.8202,8.404,25.6,34.004,14.54641,14.54641,1.090981,0.72732,0.0,0.0,0.0,2.181961,436.392289,436.392289,0.72732,0.72732,0.72732,7971.384371,0.0,7971.384371
W2_P2,45.0,16,3.75,5.896,19.2,25.096,10.287229,10.287229,0.771542,0.514361,0.0,0.0,0.0,1.543084,308.616867,308.616867,0.514361,0.514361,0.514361,5761.750313,0.0,5761.750313
W2_P2,45.0,17,3.1398,6.608,9.6,16.208,6.297928,6.297928,0.472345,0.314896,0.0,0.0,0.0,0.944689,188.937831,188.937831,0.314896,0.314896,0.314896,3718.626617,0.0,3718.626617
W2_P2,45.0,18,2.61,6.252,3.2,9.452,2.0,2.0,0.15,0.1,0.0,2.692,0.0,0.3,60.0,60.0,0.1,0.1,0.1,1822.1,1017.3068,804.7932
W2_P2,45.0,19,2.1198,4.312,0.0,4.312,2.0,2.0,0.15,0.1,1.9578,0.0,0.0,0.3,60.0,60.0,0.1,0.1,0.1,2718.03872,0.0,2718.03872
W2_P2,45.0,20,1.86,2.328,0.0,2.328,2.0,2.0,0.15,0.1,3.682,0.0,0.0,0.3,60.0,60.0,0.1,0.1,0.1,3803.9368,0.0,3803.9368
W2_P2,45.0,21,1.6302,1.492,0.0,1.492,2.0,2.0,0.15,0.1,4.2882,0.0,0.0,0.3,60.0,60.0,0.1,0.1,0.1,3328.75268,0.0,3328.75268
W2_P2,45.0,22,1.56,2.124,0.0,2.124,2.0,2.0,0.15,0.1,3.586,0.0,0.0,0.3,60.0,60.0,0.1,0.1,0.1,2997.0364,0.0,2997.0364
W2_P2,45.0,23,1.4802,3.696,0.0,3.696,20.0,20.0,1.5,1.0,39.2842,0.0,0.0,3.0,600.0,600.0,1.0,1.0,1.0,19008.31008,0.0,19008.31008
W2_P2,36.0,0,1.3698,5.312,0.0,5.312,20.0,20.0,1.5,1.0,37.5578,0.0,0.0,3.0,600.0,600.0,1.0,1.0,1.0,18659.59072,0.0,18659.59072
W2_P2,36.0,1,1.0998,8.5,0.0,8.5,20.0,20.0,1.5,1.0,34.0998,-0.0,0.0,3.0,600.0,600.0,1.0,1.0,1.0,17953.77152,-0.0,17953.77152
W2_P2,36.0,2,0.7998,9.38,0.0,9.38,20.0,20.0,1.5,1.0,32.9198,-0.0,0.0,3.0,600.0,600.0,1.0,1.0,1.0,17681.73952,-0.0,17681.73952
W2_P2,36.0,3,0.99,10.304,0.0,10.304,20.0,20.0,1.5,1.0,32.186,-0.0,0.0,3.0,600.0,600.0,1.0,1.0,1.0,17569.0864,-0.0,17569.0864
W2_P2,36.0,4,1.1802,9.9,0.0,9.9,20.0,20.0,1.5,1.0,32.7802,0.0,0.0,3.0,600.0,600.0,1.0,1.0,1.0,17711.94048,0.0,17711.94048
W2_P2,36.0,5,1.6302,9.62,0.0,9.62,20.0,20.0,1.5,1.0,33.5102,-0.0,0.0,3.0,600.0,600.0,1.0,1.0,1.0,17919.89248,-0.0,17919.89248
W2_P2,36.0,6,2.5002,9.14,0.0,9.14,20.0,20.0,1.5,1.0,34.8602,0.0,0.0,3.0,600.0,600.0,1.0,1.0,1.0,18310.13248,0.0,18310.13248
W2_P2,36.0,7,3.3702,7.64,3.2,10.84,3.599904,3.599904,0.269993,0.179995,0.0,0.0,0.0,0.539986,107.997108,107.997108,0.179995,0.179995,0.179995,2430.515889,0.0,2430.515889
W2_P2,36.0,8,4.0098,4.748,10.88,15.628,2.0,2.0,0.15,0.1,0.0,7.4682,0.0,0.3,60.0,60.0,0.1,0.1,0.1,2518.1,2822.23278,-304.13278
W2_P2,36.0,9,4.2,4.86,17.92,22.78,2.0,2.0,0.15,0.1,0.0,14.43,0.0,0.3,60.0,60.0,0.1,0.1,0.1,3379.7,5453.097,-2073.397
W2_P2,36.0,10,4.1202,5.336,24.96,30.296,4.687325,4.687325,0.351549,0.234366,0.0,16.4496,0.0,0.703099,140.619759,140.619759,0.234366,0.234366,0.234366,4968.134424,6216.30384,-1248.169416
W2_P2,36.0,11,3.9,4.292,31.36,35.652,15.302169,15.302169,1.147663,0.765108,0.0,0.0,0.0,2.295325,459.06506,459.06506,0.765108,0.765108,0.765108,8234.837494,0.0,8234.837494
W2_P2,36.0,12,3.2598,4.168,35.84,40.008,2.0,2.0,0.15,0.1,0.0,32.5982,0.0,0.3,60.0,60.0,0.1,0.1,0.1,5426.3,12318.85978,-6892.55978
W2_P2,36.0,13,2.6898,6.788,37.12,43.908,19.864193,19.864193,1.489814,0.99321,0.0,0.0,0.0,2.979629,595.925783,595.925783,0.99321,0.99321,0.99321,10441.627822,0.0,10441.627822
W2_P2,36.0,14,3.63,8.364,32.0,40.364,2.0,2.0,0.15,0.1,0.0,32.584,0.0,0.3,60.0,60.0,0.1,0.1,0.1,5594.9,12313.4936,-6718.5936
W2_P2,36.0,15,3.8202,8.404,25.6,34.004,14.54641,14.54641,1.090981,0.72732,0.0,0.0,0.0,2.181961,436.392289,436.392289,0.72732,0.72732,0.72732,7971.384371,0.0,7971.384371
W2_P2,36.0,16,3.75,5.896,19.2,25.096,2.0,2.0,0.15,0.1,0.0,17.196,0.0,0.3,60.0,60.0,0.1,0.1,0.1,3688.7,6498.3684,-2809.6684
W2_P2,36.0,17,3.1398,6.608,9.6,16.208,2.0,2.0,0.15,0.1,0.0,8.9182,0.0,0.3,60.0,60.0,0.1,0.1,0.1,2643.5,3370.18778,-726.68778
W2_P2,36.0,18,2.61,6.252,3.2,9.452,2.0,2.0,0.15,0.1,0.0,2.692,0.0,0.3,60.0,60.0,0.1,0.1,0.1,1822.1,1017.3068,804.7932
W2_P2,36.0,19,2.1198,4.312,0.0,4.312,2.0,2.0,0.15,0.1,1.9578,0.0,0.0,0.3,60.0,60.0,0.1,0.1,0.1,2718.03872,0.0,2718.03872
W2_P2,36.0,20,1.86,2.328,0.0,2.328,2.0,2.0,0.15,0.1,3.682,0.0,0.0,0.3,60.0,60.0,0.1,0.1,0.1,3803.9368,0.0,3803.9368
W2_P2,36.0,21,1.6302,1.492,0.0,1.492,2.0,2.0,0.15,0.1,4.2882,0.0,0.0,0.3,60.0,60.0,0.1,0.1,0.1,3328.75268,0.0,3328.75268
W2_P2,36.0,22,1.56,2.124,0.0,2.124,2.0,2.0,0.15,0.1,3.586,0.0,0.0,0.3,60.0,60.0,0.1,0.1,0.1,2997.0364,0.0,2997.0364
W2_P2,36.0,23,1.4802,3.696,0.0,3.696,20.0,20.0,1.5,1.0,39.2842,0.0,0.0,3.0,600.0,600.0,1.0,1.0,1.0,19008.31008,0.0,19008.31008
W2_P3,72.0,0,1.3698,5.312,0.0,5.312,20.0,20.0,1.5,1.0,37.5578,0.0,0.0,3.0,600.0,600.0,1.0,1.0,1.0,18659.59072,0.0,18659.59072
W2_P3,72.0,1,1.0998,8.5,0.0,8.5,20.0,20.0,1.5,1.0,34.0998,0.0,0.0,3.0,600.0,600.0,1.0,1.0,1.0,17953.77152,0.0,17953.77152
W2_P3,72.0,2,0.7998,9.38,0.0,9.38,20.0,20.0,1.5,1.0,32.9198,0.0,0.0,3.0,600.0,600.0,1.0,1.0,1.0,17681.73952,0.0,17681.73952
W2_P3,72.0,3,0.99,10.304,0.0,10.304,20.0,20.0,1.5,1.0,32.186,0.0,0.0,3.0,600.0,600.0,1.0,1.0,1.0,17569.0864,0.0,17569.0864
W2_P3,72.0,4,1.1802,9.9,0.0,9.9,20.0,20.0,1.5,1.0,32.7802,0.0,0.0,3.0,600.0,600.0,1.0,1.0,1.0,17711.94048,0.0,17711.94048
W2_P3,72.0,5,1.6302,9.62,0.0,9.62,20.0,20.0,1.5,1.0,33.5102,0.0,0.0,3.0,600.0,600.0,1.0,1.0,1.0,17919.89248,0.0,17919.89248
W2_P3,72.0,6,2.5002,9.14,0.0,9.14,20.0,20.0,1.5,1.0,34.8602,0.0,0.0,3.0,600.0,600.0,1.0,1.0,1.0,18310.13248,0.0,18310.13248
W2_P3,72.0,7,3.3702,7.64,1.28,8.92,20.0,20.0,1.5,1.0,35.9502,0.0,0.0,3.0,600.0,600.0,1.0,1.0,1.0,28138.75148,0.0,28138.75148
W2_P3,72.0,8,4.0098,4.748,3.2,7.948,20.0,20.0,1.5,1.0,37.5618,0.0,0.0,3.0,600.0,600.0,1.0,1.0,1.0,28914.23732,0.0,28914.23732
W2_P3,72.0,9,4.2,4.86,5.12,9.98,20.0,20.0,1.5,1.0,35.72,0.0,0.0,3.0,600.0,600.0,1.0,1.0,1.0,28042.728,0.0,28042.728
W2_P3,72.0,10,4.1202,5.336,7.68,13.016,20.0,20.0,1.5,1.0,32.6042,0.0,0.0,3.0,600.0,600.0,1.0,1.0,1.0,32886.61008,0.0,32886.61008
W2_P3,72.0,11,3.9,4.292,11.52,15.812,20.0,20.0,1.5,1.0,29.588,0.0,0.0,3.0,600.0,600.0,1.0,1.0,1.0,30770.6112,0.0,30770.6112
W2_P3,72.0,12,3.2598,4.168,14.08,18.248,20.0,20.0,1.5,1.0,26.5118,0.0,0.0,3.0,600.0,600.0,1.0,1.0,1.0,28590.86832,0.0,28590.86832
W2_P3,72.0,13,2.6898,6.788,14.08,20.868,20.0,20.0,1.5,1.0,23.3218,0.0,0.0,3.0,600.0,600.0,1.0,1.0,1.0,26424.21232,0.0,26424.21232
W2_P3,72.0,14,3.63,8.364,11.52,19.884,20.0,20.0,1.5,1.0,25.246,0.0,0.0,3.0,600.0,600.0,1.0,1.0,1.0,27897.3904,0.0,27897.3904
W2_P3,72.0,15,3.8202,8.404,7.04,15.444,20.0,20.0,1.5,1.0,29.8762,0.0,0.0,3.0,600.0,600.0,1.0,1.0,1.0,25255.20388,0.0,25255.20388
W2_P3,72.0,16,3.75,5.896,5.12,11.016,20.0,20.0,1.5,1.0,34.234,0.0,0.0,3.0,600.0,600.0,1.0,1.0,1.0,27295.5316,0.0,27295.5316
W2_P3,72.0,17,3.1398,6.608,3.2,9.808,20.0,20.0,1.5,1.0,34.8318,0.0,0.0,3.0,600.0,600.0,1.0,1.0,1.0,27535.03532,0.0,27535.03532
W2_P3,72.0,18,2.61,6.252,1.28,7.532,20.0,20.0,1.5,1.0,36.578,0.0,0.0,3.0,600.0,600.0,1.0,1.0,1.0,35444.5872,0.0,35444.5872
W2_P3,72.0,19,2.1198,4.312,0.0,4.312,20.0,20.0,1.5,1.0,39.3078,0.0,0.0,3.0,600.0,600.0,1.0,1.0,1.0,37190.37872,0.0,37190.37872
W2_P3,72.0,20,1.86,2.328,0.0,2.328,20.0,20.0,1.5,1.0,41.032,0.0,0.0,3.0,600.0,600.0,1.0,1.0,1.0,38276.2768,0.0,38276.2768
W2_P3,72.0,21,1.6302,1.492,0.0,1.492,20.0,20.0,1.5,1.0,41.6382,0.0,0.0,3.0,600.0,600.0,1.0,1.0,1.0,30517.84268,0.0,30517.84268
W2_P3,72.0,22,1.56,2.124,0.0,2.124,20.0,20.0,1.5,1.0,40.936,0.0,0.0,3.0,600.0,600.0,1.0,1.0,1.0,30186.1264,0.0,30186.1264
W2_P3,72.0,23,1.4802,3.696,0.0,3.696,20.0,20.0,1.5,1.0,39.2842,0.0,0.0,3.0,600.0,600.0,1.0,1.0,1.0,19008.31008,0.0,19008.31008
W2_P3,63.0,0,1.3698,5.312,0.0,5.312,20.0,20.0,1.5,1.0,37.5578,0.0,0.0,3.0,600.0,600.0,1.0,1.0,1.0,18659.59072,0.0,18659.59072
W2_P3,63.0,1,1.0998,8.5,0.0,8.5,20.0,20.0,1.5,1.0,34.0998,0.0,0.0,3.0,600.0,600.0,1.0,1.0,1.0,17953.77152,0.0,17953.77152
W2_P3,63.0,2,0.7998,9.38,0.0,9.38,20.0,20.0,1.5,1.0,32.9198,0.0,0.0,3.0,600.0,600.0,1.0,1.0,1.0,17681.73952,0.0,17681.73952
W2_P3,63.0,3,0.99,10.304,0.0,10.304,20.0,20.0,1.5,1.0,32.186,0.0,0.0,3.0,600.0,600.0,1.0,1.0,1.0,17569.0864,0.0,17569.0864
W2_P3,63.0,4,1.1802,9.9,0.0,9.9,20.0,20.0,1.5,1.0,32.7802,0.0,0.0,3.0,600.0,600.0,1.0,1.0,1.0,17711.94048,0.0,17711.94048
W2_P3,63.0,5,1.6302,9.62,0.0,9.62,20.0,20.0,1.5,1.0,33.5102,0.0,0.0,3.0,600.0,600.0,1.0,1.0,1.0,17919.89248,0.0,17919.89248
W2_P3,63.0,6,2.5002,9.14,0.0,9.14,20.0,20.0,1.5,1.0,34.8602,0.0,0.0,3.0,600.0,600.0,1.0,1.0,1.0,18310.13248,0.0,18310.13248
W2_P3,63.0,7,3.3702,7.64,1.28,8.92,20.0,20.0,1.5,1.0,35.9502,0.0,0.0,3.0,600.0,600.0,1.0,1.0,1.0,28138.75148,0.0,28138.75148
W2_P3,63.0,8,4.0098,4.748,3.2,7.948,20.0,20.0,1.5,1.0,37.5618,0.0,0.0,3.0,600.0,600.0,1.0,1.0,1.0,28914.23732,0.0,28914.23732
W2_P3,63.0,9,4.2,4.86,5.12,9.98,20.0,20.0,1.5,1.0,35.72,0.0,0.0,3.0,600.0,600.0,1.0,1.0,1.0,28042.728,0.0,28042.728
W2_P3,63.0,10,4.1202,5.336,7.68,13.016,4.287133,4.287133,0.321535,0.214357,0.0,0.0,0.0,0.64307,128.613976,128.613976,0.214357,0.214357,0.214357,2794.426202,0.0,2794.426202
W2_P3,63.0,11,3.9,4.292,11.52,15.812,20.0,20.0,1.5,1.0,29.588,0.0,0.0,3.0,600.0,600.0,1.0,1.0,1.0,30770.6112,0.0,30770.6112
W2_P3,63.0,12,3.2598,4.168,14.08,18.248,7.223229,7.223229,0.541742,0.361161,0.0,0.0,0.0,1.083484,216.696867,216.696867,0.361161,0.361161,0.361161,4121.690713,0.0,4121.690713
W2_P3,63.0,13,2.6898,6.788,14.08,20.868,8.760578,8.760578,0.657043,0.438029,0.0,0.0,0.0,1.314087,262.817349,262.817349,0.438029,0.438029,0.438029,4899.258665,0.0,4899.258665
W2_P3,63.0,14,3.63,8.364,11.52,19.884,20.0,20.0,1.5,1.0,25.246,0.0,0.0,3.0,600.0,600.0,1.0,1.0,1.0,27897.3904,0.0,27897.3904
W2_P3,63.0,15,3.8202,8.404,7.04,15.444,20.0,20.0,1.5,1.0,29.8762,0.0,0.0,3.0,600.0,600.0,1.0,1.0,1.0,25255.20388,0.0,25255.20388
W2_P3,63.0,16,3.75,5.896,5.12,11.016,20.0,20.0,1.5,1.0,34.234,0.0,0.0,3.0,600.0,600.0,1.0,1.0,1.0,27295.5316,0.0,27295.5316
W2_P3,63.0,17,3.1398,6.608,3.2,9.808,20.0,20.0,1.5,1.0,34.8318,0.0,0.0,3.0,600.0,600.0,1.0,1.0,1.0,27535.03532,0.0,27535.03532
W2_P3,63.0,18,2.61,6.252,1.28,7.532,2.372048,2.372048,0.177904,0.118602,0.0,0.0,0.0,0.355807,71.161446,71.161446,0.118602,0.118602,0.118602,1684.767855,0.0,1684.767855
W2_P3,63.0,19,2.1198,4.312,0.0,4.312,17.357012,17.357012,1.301776,0.867851,33.8236,0.0,0.0,2.603552,520.710361,520.710361,0.867851,0.867851,0.867851,32128.713204,0.0,32128.713204
W2_P3,63.0,20,1.86,2.328,0.0,2.328,20.0,20.0,1.5,1.0,41.032,0.0,0.0,3.0,600.0,600.0,1.0,1.0,1.0,38276.2768,0.0,38276.2768
W2_P3,63.0,21,1.6302,1.492,0.0,1.492,20.0,20.0,1.5,1.0,41.6382,0.0,0.0,3.0,600.0,600.0,1.0,1.0,1.0,30517.84268,0.0,30517.84268
W2_P3,63.0,22,1.56,2.124,0.0,2.124,20.0,20.0,1.5,1.0,40.936,0.0,0.0,3.0,600.0,600.0,1.0,1.0,1.0,30186.1264,0.0,30186.1264
W2_P3,63.0,23,1.4802,3.696,0.0,3.696,20.0,20.0,1.5,1.0,39.2842,0.0,0.0,3.0,600.0,600.0,1.0,1.0,1.0,19008.31008,0.0,19008.31008
W2_P3,54.0,0,1.3698,5.312,0.0,5.312,20.0,20.0,1.5,1.0,37.5578,0.0,0.0,3.0,600.0,600.0,1.0,1.0,1.0,18659.59072,0.0,18659.59072
W2_P3,54.0,1,1.0998,8.5,0.0,8.5,20.0,20.0,1.5,1.0,34.0998,0.0,0.0,3.0,600.0,600.0,1.0,1.0,1.0,17953.77152,0.0,17953.77152
W2_P3,54.0,2,0.7998,9.38,0.0,9.38,20.0,20.0,1.5,1.0,32.9198,0.0,0.0,3.0,600.0,600.0,1.0,1.0,1.0,17681.73952,0.0,17681.73952
W2_P3,54.0,3,0.99,10.304,0.0,10.304,20.0,20.0,1.5,1.0,32.186,0.0,0.0,3.0,600.0,600.0,1.0,1.0,1.0,17569.0864,0.0,17569.0864
W2_P3,54.0,4,1.1802,9.9,0.0,9.9,20.0,20.0,1.5,1.0,32.7802,0.0,0.0,3.0,600.0,600.0,1.0,1.0,1.0,17711.94048,0.0,17711.94048
W2_P3,54.0,5,1.6302,9.62,0.0,9.62,20.0,20.0,1.5,1.0,33.5102,0.0,0.0,3.0,600.0,600.0,1.0,1.0,1.0,17919.89248,0.0,17919.89248
W2_P3,54.0,6,2.5002,9.14,0.0,9.14,20.0,20.0,1.5,1.0,34.8602,0.0,0.0,3.0,600.0,600.0,1.0,1.0,1.0,18310.13248,0.0,18310.13248
W2_P3,54.0,7,3.3702,7.64,1.28,8.92,20.0,20.0,1.5,1.0,35.9502,0.0,0.0,3.0,600.0,600.0,1.0,1.0,1.0,28138.75148,0.0,28138.75148
W2_P3,54.0,8,4.0098,4.748,3.2,7.948,19.783036,19.783036,1.483728,0.989152,37.1116,0.0,0.0,2.967455,593.491084,593.491084,0.989152,0.989152,0.989152,28586.512332,0.0,28586.512332
W2_P3,54.0,9,4.2,4.86,5.12,9.98,20.0,20.0,1.5,1.0,35.72,0.0,0.0,3.0,600.0,600.0,1.0,1.0,1.0,28042.728,0.0,28042.728
W2_P3,54.0,10,4.1202,5.336,7.68,13.016,4.287133,4.287133,0.321535,0.214357,0.0,-0.0,0.0,0.64307,128.613976,128.613976,0.214357,0.214357,0.214357,2794.426202,-0.0,2794.426202
W2_P3,54.0,11,3.9,4.292,11.52,15.812,5.740723,5.740723,0.430554,0.287036,0.0,-0.0,0.0,0.861108,172.221687,172.221687,0.287036,0.287036,0.287036,3462.241831,-0.0,3462.241831
W2_P3,54.0,12,3.2598,4.168,14.08,18.248,7.223229,7.223229,0.541742,0.361161,0.0,-0.0,0.0,1.083484,216.696867,216.696867,0.361161,0.361161,0.361161,4121.690713,-0.0,4121.690713
W2_P3,54.0,13,2.6898,6.788,14.08,20.868,8.760578,8.760578,0.657043,0.438029,0.0,-0.0,0.0,1.314087,262.817349,262.817349,0.438029,0.438029,0.438029,4899.258665,-0.0,4899.258665
W2_P3,54.0,14,3.63,8.364,11.52,19.884,7.833253,7.833253,0.587494,0.391663,0.0,-0.0,0.0,1.174988,234.99759,234.99759,0.391663,0.391663,0.391663,4596.488241,-0.0,4596.488241
W2_P3,54.0,15,3.8202,8.404,7.04,15.444,20.0,20.0,1.5,1.0,29.8762,0.0,0.0,3.0,600.0,600.0,1.0,1.0,1.0,25255.20388,0.0,25255.20388
W2_P3,54.0,16,3.75,5.896,5.12,11.016,20.0,20.0,1.5,1.0,34.234,0.0,0.0,3.0,600.0,600.0,1.0,1.0,1.0,27295.5316,0.0,27295.5316
W2_P3,54.0,17,3.1398,6.608,3.2,9.808,20.0,20.0,1.5,1.0,34.8318,0.0,0.0,3.0,600.0,600.0,1.0,1.0,1.0,27535.03532,0.0,27535.03532
W2_P3,54.0,18,2.61,6.252,1.28,7.532,2.372048,2.372048,0.177904,0.118602,0.0,-0.0,0.0,0.355807,71.161446,71.161446,0.118602,0.118602,0.118602,1684.767855,-0.0,1684.767855
W2_P3,54.0,19,2.1198,4.312,0.0,4.312,2.0,2.0,0.15,0.1,1.9578,0.0,0.0,0.3,60.0,60.0,0.1,0.1,0.1,2718.03872,0.0,2718.03872
W2_P3,54.0,20,1.86,2.328,0.0,2.328,2.0,2.0,0.15,0.1,3.682,0.0,0.0,0.3,60.0,60.0,0.1,0.1,0.1,3803.9368,0.0,3803.9368
W2_P3,54.0,21,1.6302,1.492,0.0,1.492,20.0,20.0,1.5,1.0,41.6382,0.0,0.0,3.0,600.0,600.0,1.0,1.0,1.0,30517.84268,0.0,30517.84268
W2_P3,54.0,22,1.56,2.124,0.0,2.124,20.0,20.0,1.5,1.0,40.936,0.0,0.0,3.0,600.0,600.0,1.0,1.0,1.0,30186.1264,0.0,30186.1264
W2_P3,54.0,23,1.4802,3.696,0.0,3.696,20.0,20.0,1.5,1.0,39.2842,0.0,0.0,3.0,600.0,600.0,1.0,1.0,1.0,19008.31008,0.0,19008.31008
W2_P3,45.0,0,1.3698,5.312,0.0,5.312,20.0,20.0,1.5,1.0,37.5578,0.0,0.0,3.0,600.0,600.0,1.0,1.0,1.0,18659.59072,0.0,18659.59072
W2_P3,45.0,1,1.0998,8.5,0.0,8.5,20.0,20.0,1.5,1.0,34.0998,0.0,0.0,3.0,600.0,600.0,1.0,1.0,1.0,17953.77152,0.0,17953.77152
W2_P3,45.0,2,0.7998,9.38,0.0,9.38,20.0,20.0,1.5,1.0,32.9198,0.0,0.0,3.0,600.0,600.0,1.0,1.0,1.0,17681.73952,0.0,17681.73952
W2_P3,45.0,3,0.99,10.304,0.0,10.304,20.0,20.0,1.5,1.0,32.186,0.0,0.0,3.0,600.0,600.0,1.0,1.0,1.0,17569.0864,0.0,17569.0864
W2_P3,45.0,4,1.1802,9.9,0.0,9.9,20.0,20.0,1.5,1.0,32.7802,0.0,0.0,3.0,600.0,600.0,1.0,1.0,1.0,17711.94048,0.0,17711.94048
W2_P3,45.0,5,1.6302,9.62,0.0,9.62,20.0,20.0,1.5,1.0,33.5102,0.0,0.0,3.0,600.0,600.0,1.0,1.0,1.0,17919.89248,0.0,17919.89248
W2_P3,45.0,6,2.5002,9.14,0.0,9.14,20.0,20.0,1.5,1.0,34.8602,0.0,0.0,3.0,600.0,600.0,1.0,1.0,1.0,18310.13248,0.0,18310.13248
W2_P3,45.0,7,3.3702,7.64,1.28,8.92,2.674602,2.674602,0.200595,0.13373,0.0,0.0,0.0,0.40119,80.238072,80.238072,0.13373,0.13373,0.13373,1968.651793,0.0,1968.651793
W2_P3,45.0,8,4.0098,4.748,3.2,7.948,20.0,20.0,1.5,1.0,37.5618,0.0,0.0,3.0,600.0,600.0,1.0,1.0,1.0,28914.23732,0.0,28914.23732
W2_P3,45.0,9,4.2,4.86,5.12,9.98,8.004916,8.004916,0.600369,0.400246,10.8302,0.0,0.0,1.200737,240.14747,240.14747,0.400246,0.400246,0.400246,9924.093133,0.0,9924.093133
W2_P3,45.0,10,4.1202,5.336,7.68,13.016,4.287133,4.287133,0.321535,0.214357,0.0,0.0,0.0,0.64307,128.613976,128.613976,0.214357,0.214357,0.214357,2794.426202,0.0,2794.426202
W2_P3,45.0,11,3.9,4.292,11.52,15.812,5.740723,5.740723,0.430554,0.287036,0.0,0.0,0.0,0.861108,172.221687,172.221687,0.287036,0.287036,0.287036,3462.241831,0.0,3462.241831
W2_P3,45.0,12,3.2598,4.168,14.08,18.248,7.223229,7.223229,0.541742,0.361161,0.0,0.0,0.0,1.083484,216.696867,216.696867,0.361161,0.361161,0.361161,4121.690713,0.0,4121.690713
W2_P3,45.0,13,2.6898,6.788,14.08,20.868,8.760578,8.760578,0.657043,0.438029,0.0,0.0,0.0,1.314087,262.817349,262.817349,0.438029,0.438029,0.438029,4899.258665,0.0,4899.258665
W2_P3,45.0,14,3.63,8.364,11.52,19.884,7.833253,7.833253,0.587494,0.391663,0.0,0.0,0.0,1.174988,234.99759,234.99759,0.391663,0.391663,0.391663,4596.488241,0.0,4596.488241
W2_P3,45.0,15,3.8202,8.404,7.04,15.444,5.601831,5.601831,0.420137,0.280092,0.0,0.0,0.0,0.840275,168.05494,168.05494,0.280092,0.280092,0.280092,3506.698106,0.0,3506.698106
W2_P3,45.0,16,3.75,5.896,5.12,11.016,3.501687,3.501687,0.262627,0.175084,0.0,0.0,0.0,0.525253,105.050602,105.050602,0.175084,0.175084,0.175084,2374.74694,0.0,2374.74694
W2_P3,45.0,17,3.1398,6.608,3.2,9.808,20.0,20.0,1.5,1.0,34.8318,0.0,0.0,3.0,600.0,600.0,1.0,1.0,1.0,27535.03532,0.0,27535.03532
W2_P3,45.0,18,2.61,6.252,1.28,7.532,2.372048,2.372048,0.177904,0.118602,0.0,0.0,0.0,0.355807,71.161446,71.161446,0.118602,0.118602,0.118602,1684.767855,0.0,1684.767855
W2_P3,45.0,19,2.1198,4.312,0.0,4.312,2.0,2.0,0.15,0.1,1.9578,0.0,0.0,0.3,60.0,60.0,0.1,0.1,0.1,2718.03872,0.0,2718.03872
W2_P3,45.0,20,1.86,2.328,0.0,2.328,2.0,2.0,0.15,0.1,3.682,0.0,0.0,0.3,60.0,60.0,0.1,0.1,0.1,3803.9368,0.0,3803.9368
W2_P3,45.0,21,1.6302,1.492,0.0,1.492,20.0,20.0,1.5,1.0,41.6382,0.0,0.0,3.0,600.0,600.0,1.0,1.0,1.0,30517.84268,0.0,30517.84268
W2_P3,45.0,22,1.56,2.124,0.0,2.124,20.0,20.0,1.5,1.0,40.936,0.0,0.0,3.0,600.0,600.0,1.0,1.0,1.0,30186.1264,0.0,30186.1264
W2_P3,45.0,23,1.4802,3.696,0.0,3.696,20.0,20.0,1.5,1.0,39.2842,0.0,0.0,3.0,600.0,600.0,1.0,1.0,1.0,19008.31008,0.0,19008.31008
W2_P3,36.0,0,1.3698,5.312,0.0,5.312,20.0,20.0,1.5,1.0,37.5578,0.0,0.0,3.0,600.0,600.0,1.0,1.0,1.0,18659.59072,0.0,18659.59072
W2_P3,36.0,1,1.0998,8.5,0.0,8.5,20.0,20.0,1.5,1.0,34.0998,0.0,0.0,3.0,600.0,600.0,1.0,1.0,1.0,17953.77152,0.0,17953.77152
W2_P3,36.0,2,0.7998,9.38,0.0,9.38,20.0,20.0,1.5,1.0,32.9198,0.0,0.0,3.0,600.0,600.0,1.0,1.0,1.0,17681.73952,0.0,17681.73952
W2_P3,36.0,3,0.99,10.304,0.0,10.304,20.0,20.0,1.5,1.0,32.186,0.0,0.0,3.0,600.0,600.0,1.0,1.0,1.0,17569.0864,0.0,17569.0864
W2_P3,36.0,4,1.1802,9.9,0.0,9.9,20.0,20.0,1.5,1.0,32.7802,0.0,0.0,3.0,600.0,600.0,1.0,1.0,1.0,17711.94048,0.0,17711.94048
W2_P3,36.0,5,1.6302,9.62,0.0,9.62,20.0,20.0,1.5,1.0,33.5102,0.0,0.0,3.0,600.0,600.0,1.0,1.0,1.0,17919.89248,0.0,17919.89248
W2_P3,36.0,6,2.5002,9.14,0.0,9.14,20.0,20.0,1.5,1.0,34.8602,0.0,0.0,3.0,600.0,600.0,1.0,1.0,1.0,18310.13248,0.0,18310.13248
W2_P3,36.0,7,3.3702,7.64,1.28,8.92,2.674602,2.674602,0.200595,0.13373,0.0,-0.0,0.0,0.40119,80.238072,80.238072,0.13373,0.13373,0.13373,1968.651793,-0.0,1968.651793
W2_P3,36.0,8,4.0098,4.748,3.2,7.948,2.0,2.0,0.15,0.1,0.2118,0.0,0.0,0.3,60.0,60.0,0.1,0.1,0.1,1725.14732,0.0,1725.14732
W2_P3,36.0,9,4.2,4.86,5.12,9.98,18.791325,18.791325,1.409349,0.939566,33.212,0.0,0.0,2.818699,563.739759,563.739759,0.939566,0.939566,0.939566,26217.018824,0.0,26217.018824
W2_P3,36.0,10,4.1202,5.336,7.68,13.016,4.287133,4.287133,0.321535,0.214357,0.0,-0.0,0.0,0.64307,128.613976,128.613976,0.214357,0.214357,0.214357,2794.426202,-0.0,2794.426202
W2_P3,36.0,11,3.9,4.292,11.52,15.812,5.740723,5.740723,0.430554,0.287036,0.0,-0.0,0.0,0.861108,172.221687,172.221687,0.287036,0.287036,0.287036,3462.241831,-0.0,3462.241831
W2_P3,36.0,12,3.2598,4.168,14.08,18.248,7.223229,7.223229,0.541742,0.361161,0.0,-0.0,0.0,1.083484,216.696867,216.696867,0.361161,0.361161,0.361161,4121.690713,-0.0,4121.690713
W2_P3,36.0,13,2.6898,6.788,14.08,20.868,8.760578,8.760578,0.657043,0.438029,0.0,-0.0,0.0,1.314087,262.817349,262.817349,0.438029,0.438029,0.438029,4899.258665,-0.0,4899.258665
W2_P3,36.0,14,3.63,8.364,11.52,19.884,7.833253,7.833253,0.587494,0.391663,0.0,-0.0,0.0,1.174988,234.99759,234.99759,0.391663,0.391663,0.391663,4596.488241,-0.0,4596.488241
W2_P3,36.0,15,3.8202,8.404,7.04,15.444,5.601831,5.601831,0.420137,0.280092,0.0,-0.0,0.0,0.840275,168.05494,168.05494,0.280092,0.280092,0.280092,3506.698106,-0.0,3506.698106
W2_P3,36.0,16,3.75,5.896,5.12,11.016,3.501687,3.501687,0.262627,0.175084,0.0,-0.0,0.0,0.525253,105.050602,105.050602,0.175084,0.175084,0.175084,2374.74694,-0.0,2374.74694
W2_P3,36.0,17,3.1398,6.608,3.2,9.808,3.21359,3.21359,0.241019,0.16068,0.0,-0.0,0.0,0.482039,96.407711,96.407711,0.16068,0.16068,0.16068,2179.079629,-0.0,2179.079629
W2_P3,36.0,18,2.61,6.252,1.28,7.532,2.372048,2.372048,0.177904,0.118602,0.0,-0.0,0.0,0.355807,71.161446,71.161446,0.118602,0.118602,0.118602,1684.767855,-0.0,1684.767855
W2_P3,36.0,19,2.1198,4.312,0.0,4.312,2.0,2.0,0.15,0.1,1.9578,0.0,0.0,0.3,60.0,60.0,0.1,0.1,0.1,2718.03872,0.0,2718.03872
W2_P3,36.0,20,1.86,2.328,0.0,2.328,2.0,2.0,0.15,0.1,3.682,0.0,0.0,0.3,60.0,60.0,0.1,0.1,0.1,3803.9368,0.0,3803.9368
W2_P3,36.0,21,1.6302,1.492,0.0,1.492,2.0,2.0,0.15,0.1,4.2882,0.0,0.0,0.3,60.0,60.0,0.1,0.1,0.1,3328.75268,0.0,3328.75268
W2_P3,36.0,22,1.56,2.124,0.0,2.124,2.0,2.0,0.15,0.1,3.586,0.0,0.0,0.3,60.0,60.0,0.1,0.1,0.1,2997.0364,0.0,2997.0364
W2_P3,36.0,23,1.4802,3.696,0.0,3.696,20.0,20.0,1.5,1.0,39.2842,0.0,0.0,3.0,600.0,600.0,1.0,1.0,1.0,19008.31008,0.0,19008.31008
W2_P4,72.0,0,1.3698,5.312,0.0,5.312,20.0,20.0,1.5,1.0,37.5578,0.0,0.0,3.0,600.0,600.0,1.0,1.0,1.0,18659.59072,0.0,18659.59072
W2_P4,72.0,1,1.0998,8.5,0.0,8.5,20.0,20.0,1.5,1.0,34.0998,0.0,0.0,3.0,600.0,600.0,1.0,1.0,1.0,17953.77152,0.0,17953.77152
W2_P4,72.0,2,0.7998,9.38,0.0,9.38,20.0,20.0,1.5,1.0,32.9198,0.0,0.0,3.0,600.0,600.0,1.0,1.0,1.0,17681.73952,0.0,17681.73952
W2_P4,72.0,3,0.99,10.304,0.0,10.304,20.0,20.0,1.5,1.0,32.186,0.0,0.0,3.0,600.0,600.0,1.0,1.0,1.0,17569.0864,0.0,17569.0864
W2_P4,72.0,4,1.1802,9.9,0.0,9.9,20.0,20.0,1.5,1.0,32.7802,0.0,0.0,3.0,600.0,600.0,1.0,1.0,1.0,17711.94048,0.0,17711.94048
W2_P4,72.0,5,1.6302,9.62,0.0,9.62,20.0,20.0,1.5,1.0,33.5102,0.0,0.0,3.0,600.0,600.0,1.0,1.0,1.0,17919.89248,0.0,17919.89248
W2_P4,72.0,6,2.5002,9.14,0.0,9.14,20.0,20.0,1.5,1.0,34.8602,0.0,0.0,3.0,600.0,600.0,1.0,1.0,1.0,18310.13248,0.0,18310.13248
W2_P4,72.0,7,3.3702,7.64,0.0,7.64,20.0,20.0,1.5,1.0,37.2302,0.0,0.0,3.0,600.0,600.0,1.0,1.0,1.0,28762.62348,0.0,28762.62348
W2_P4,72.0,8,4.0098,4.748,0.0,4.748,20.0,20.0,1.5,1.0,40.7618,0.0,0.0,3.0,600.0,600.0,1.0,1.0,1.0,30473.91732,0.0,30473.91732
W2_P4,72.0,9,4.2,4.86,0.0,4.86,20.0,20.0,1.5,1.0,40.84,0.0,0.0,3.0,600.0,600.0,1.0,1.0,1.0,30538.216,0.0,30538.216
W2_P4,72.0,10,4.1202,5.336,0.0,5.336,20.0,20.0,1.5,1.0,40.2842,0.0,0.0,3.0,600.0,600.0,1.0,1.0,1.0,38127.44208,0.0,38127.44208
W2_P4,72.0,11,3.9,4.292,1.28,5.572,20.0,20.0,1.5,1.0,39.828,0.0,0.0,3.0,600.0,600.0,1.0,1.0,1.0,37758.3872,0.0,37758.3872
W2_P4,72.0,12,3.2598,4.168,5.12,9.288,20.0,20.0,1.5,1.0,35.4718,0.0,0.0,3.0,600.0,600.0,1.0,1.0,1.0,34705.17232,0.0,34705.17232
W2_P4,72.0,13,2.6898,6.788,7.68,14.468,20.0,20.0,1.5,1.0,29.7218,0.0,0.0,3.0,600.0,600.0,1.0,1.0,1.0,30791.57232,0.0,30791.57232
W2_P4,72.0,14,3.63,8.364,5.12,13.484,20.0,20.0,1.5,1.0,31.646,0.0,0.0,3.0,600.0,600.0,1.0,1.0,1.0,32264.7504,0.0,32264.7504
W2_P4,72.0,15,3.8202,8.404,1.28,9.684,20.0,20.0,1.5,1.0,35.6362,0.0,0.0,3.0,600.0,600.0,1.0,1.0,1.0,28062.62788,0.0,28062.62788
W2_P4,72.0,16,3.75,5.896,0.0,5.896,20.0,20.0,1.5,1.0,39.354,0.0,0.0,3.0,600.0,600.0,1.0,1.0,1.0,29791.0196,0.0,29791.0196
W2_P4,72.0,17,3.1398,6.608,0.0,6.608,20.0,20.0,1.5,1.0,38.0318,0.0,0.0,3.0,600.0,600.0,1.0,1.0,1.0,29094.71532,0.0,29094.71532
W2_P4,72.0,18,2.61,6.252,0.0,6.252,20.0,20.0,1.5,1.0,37.858,0.0,0.0,3.0,600.0,600.0,1.0,1.0,1.0,36318.0592,0.0,36318.0592
W2_P4,72.0,19,2.1198,4.312,0.0,4.312,20.0,20.0,1.5,1.0,39.3078,0.0,0.0,3.0,600.0,600.0,1.0,1.0,1.0,37190.37872,0.0,37190.37872
W2_P4,72.0,20,1.86,2.328,0.0,2.328,20.0,20.0,1.5,1.0,41.032,0.0,0.0,3.0,600.0,600.0,1.0,1.0,1.0,38276.2768,0.0,38276.2768
W2_P4,72.0,21,1.6302,1.492,0.0,1.492,20.0,20.0,1.5,1.0,41.6382,0.0,0.0,3.0,600.0,600.0,1.0,1.0,1.0,30517.84268,0.0,30517.84268
W2_P4,72.0,22,1.56,2.124,0.0,2.124,20.0,20.0,1.5,1.0,40.936,0.0,0.0,3.0,600.0,600.0,1.0,1.0,1.0,30186.1264,0.0,30186.1264
W2_P4,72.0,23,1.4802,3.696,0.0,3.696,20.0,20.0,1.5,1.0,39.2842,0.0,0.0,3.0,600.0,600.0,1.0,1.0,1.0,19008.31008,0.0,19008.31008
W2_P4,63.0,0,1.3698,5.312,0.0,5.312,20.0,20.0,1.5,1.0,37.5578,0.0,0.0,3.0,600.0,600.0,1.0,1.0,1.0,18659.59072,0.0,18659.59072
W2_P4,63.0,1,1.0998,8.5,0.0,8.5,20.0,20.0,1.5,1.0,34.0998,0.0,0.0,3.0,600.0,600.0,1.0,1.0,1.0,17953.77152,0.0,17953.77152
W2_P4,63.0,2,0.7998,9.38,0.0,9.38,20.0,20.0,1.5,1.0,32.9198,0.0,0.0,3.0,600.0,600.0,1.0,1.0,1.0,17681.73952,0.0,17681.73952
W2_P4,63.0,3,0.99,10.304,0.0,10.304,20.0,20.0,1.5,1.0,32.186,0.0,0.0,3.0,600.0,600.0,1.0,1.0,1.0,17569.0864,0.0,17569.0864
W2_P4,63.0,4,1.1802,9.9,0.0,9.9,20.0,20.0,1.5,1.0,32.7802,0.0,0.0,3.0,600.0,600.0,1.0,1.0,1.0,17711.94048,0.0,17711.94048
W2_P4,63.0,5,1.6302,9.62,0.0,9.62,20.0,20.0,1.5,1.0,33.5102,0.0,0.0,3.0,600.0,600.0,1.0,1.0,1.0,17919.89248,0.0,17919.89248
W2_P4,63.0,6,2.5002,9.14,0.0,9.14,20.0,20.0,1.5,1.0,34.8602,0.0,0.0,3.0,600.0,600.0,1.0,1.0,1.0,18310.13248,0.0,18310.13248
W2_P4,63.0,7,3.3702,7.64,0.0,7.64,20.0,20.0,1.5,1.0,37.2302,0.0,0.0,3.0,600.0,600.0,1.0,1.0,1.0,28762.62348,0.0,28762.62348
W2_P4,63.0,8,4.0098,4.748,0.0,4.748,20.0,20.0,1.5,1.0,40.7618,0.0,0.0,3.0,600.0,600.0,1.0,1.0,1.0,30473.91732,0.0,30473.91732
W2_P4,63.0,9,4.2,4.86,0.0,4.86,20.0,20.0,1.5,1.0,40.84,0.0,0.0,3.0,600.0,600.0,1.0,1.0,1.0,30538.216,0.0,30538.216
W2_P4,63.0,10,4.1202,5.336,0.0,5.336,2.0,2.0,0.15,0.1,2.9342,0.0,0.0,0.3,60.0,60.0,0.1,0.1,0.1,3655.10208,0.0,3655.10208
W2_P4,63.0,11,3.9,4.292,1.28,5.572,2.0,2.0,0.15,0.1,2.478,0.0,0.0,0.3,60.0,60.0,0.1,0.1,0.1,3286.0472,0.0,3286.0472
W2_P4,63.0,12,3.2598,4.168,5.12,9.288,20.0,20.0,1.5,1.0,35.4718,0.0,0.0,3.0,600.0,600.0,1.0,1.0,1.0,34705.17232,0.0,34705.17232
W2_P4,63.0,13,2.6898,6.788,7.68,14.468,20.0,20.0,1.5,1.0,29.7218,0.0,0.0,3.0,600.0,600.0,1.0,1.0,1.0,30791.57232,0.0,30791.57232
W2_P4,63.0,14,3.63,8.364,5.12,13.484,20.0,20.0,1.5,1.0,31.646,0.0,0.0,3.0,600.0,600.0,1.0,1.0,1.0,32264.7504,0.0,32264.7504
W2_P4,63.0,15,3.8202,8.404,1.28,9.684,20.0,20.0,1.5,1.0,35.6362,0.0,0.0,3.0,600.0,600.0,1.0,1.0,1.0,28062.62788,0.0,28062.62788
W2_P4,63.0,16,3.75,5.896,0.0,5.896,20.0,20.0,1.5,1.0,39.354,0.0,0.0,3.0,600.0,600.0,1.0,1.0,1.0,29791.0196,0.0,29791.0196
W2_P4,63.0,17,3.1398,6.608,0.0,6.608,20.0,20.0,1.5,1.0,38.0318,0.0,0.0,3.0,600.0,600.0,1.0,1.0,1.0,29094.71532,0.0,29094.71532
W2_P4,63.0,18,2.61,6.252,0.0,6.252,2.0,2.0,0.15,0.1,0.508,0.0,0.0,0.3,60.0,60.0,0.1,0.1,0.1,1845.7192,0.0,1845.7192
W2_P4,63.0,19,2.1198,4.312,0.0,4.312,14.0,14.0,1.05,0.7,26.8578,0.0,0.0,2.1,420.0,420.0,0.7,0.7,0.7,25699.59872,0.0,25699.59872
W2_P4,63.0,20,1.86,2.328,0.0,2.328,20.0,20.0,1.5,1.0,41.032,0.0,0.0,3.0,600.0,600.0,1.0,1.0,1.0,38276.2768,0.0,38276.2768
W2_P4,63.0,21,1.6302,1.492,0.0,1.492,20.0,20.0,1.5,1.0,41.6382,0.0,0.0,3.0,600.0,600.0,1.0,1.0,1.0,30517.84268,0.0,30517.84268
W2_P4,63.0,22,1.56,2.124,0.0,2.124,20.0,20.0,1.5,1.0,40.936,0.0,0.0,3.0,600.0,600.0,1.0,1.0,1.0,30186.1264,0.0,30186.1264
W2_P4,63.0,23,1.4802,3.696,0.0,3.696,20.0,20.0,1.5,1.0,39.2842,0.0,0.0,3.0,600.0,600.0,1.0,1.0,1.0,19008.31008,0.0,19008.31008
W2_P4,54.0,0,1.3698,5.312,0.0,5.312,20.0,20.0,1.5,1.0,37.5578,0.0,0.0,3.0,600.0,600.0,1.0,1.0,1.0,18659.59072,0.0,18659.59072
W2_P4,54.0,1,1.0998,8.5,0.0,8.5,20.0,20.0,1.5,1.0,34.0998,0.0,0.0,3.0,600.0,600.0,1.0,1.0,1.0,17953.77152,0.0,17953.77152
W2_P4,54.0,2,0.7998,9.38,0.0,9.38,20.0,20.0,1.5,1.0,32.9198,0.0,0.0,3.0,600.0,600.0,1.0,1.0,1.0,17681.73952,0.0,17681.73952
W2_P4,54.0,3,0.99,10.304,0.0,10.304,20.0,20.0,1.5,1.0,32.186,0.0,0.0,3.0,600.0,600.0,1.0,1.0,1.0,17569.0864,0.0,17569.0864
W2_P4,54.0,4,1.1802,9.9,0.0,9.9,20.0,20.0,1.5,1.0,32.7802,0.0,0.0,3.0,600.0,600.0,1.0,1.0,1.0,17711.94048,0.0,17711.94048
W2_P4,54.0,5,1.6302,9.62,0.0,9.62,20.0,20.0,1.5,1.0,33.5102,0.0,0.0,3.0,600.0,600.0,1.0,1.0,1.0,17919.89248,0.0,17919.89248
W2_P4,54.0,6,2.5002,9.14,0.0,9.14,20.0,20.0,1.5,1.0,34.8602,0.0,0.0,3.0,600.0,600.0,1.0,1.0,1.0,18310.13248,0.0,18310.13248
W2_P4,54.0,7,3.3702,7.64,0.0,7.64,20.0,20.0,1.5,1.0,37.2302,0.0,0.0,3.0,600.0,600.0,1.0,1.0,1.0,28762.62348,0.0,28762.62348
W2_P4,54.0,8,4.0098,4.748,0.0,4.748,20.0,20.0,1.5,1.0,40.7618,0.0,0.0,3.0,600.0,600.0,1.0,1.0,1.0,30473.91732,0.0,30473.91732
W2_P4,54.0,9,4.2,4.86,0.0,4.86,20.0,20.0,1.5,1.0,40.84,0.0,0.0,3.0,600.0,600.0,1.0,1.0,1.0,30538.216,0.0,30538.216
W2_P4,54.0,10,4.1202,5.336,0.0,5.336,2.0,2.0,0.15,0.1,2.9342,0.0,0.0,0.3,60.0,60.0,0.1,0.1,0.1,3655.10208,0.0,3655.10208
W2_P4,54.0,11,3.9,4.292,1.28,5.572,2.0,2.0,0.15,0.1,2.478,0.0,0.0,0.3,60.0,60.0,0.1,0.1,0.1,3286.0472,0.0,3286.0472
W2_P4,54.0,12,3.2598,4.168,5.12,9.288,2.905157,2.905157,0.217887,0.145258,0.0,-0.0,0.0,0.435773,87.154699,87.154699,0.145258,0.145258,0.145258,1966.32493,-0.0,1966.32493
W2_P4,54.0,13,2.6898,6.788,7.68,14.468,5.676241,5.676241,0.425718,0.283812,0.0,-0.0,0.0,0.851436,170.287229,170.287229,0.283812,0.283812,0.283812,3359.711677,-0.0,3359.711677
W2_P4,54.0,14,3.63,8.364,5.12,13.484,20.0,20.0,1.5,1.0,31.646,0.0,0.0,3.0,600.0,600.0,1.0,1.0,1.0,32264.7504,0.0,32264.7504
W2_P4,54.0,15,3.8202,8.404,1.28,9.684,20.0,20.0,1.5,1.0,35.6362,0.0,0.0,3.0,600.0,600.0,1.0,1.0,1.0,28062.62788,0.0,28062.62788
W2_P4,54.0,16,3.75,5.896,0.0,5.896,20.0,20.0,1.5,1.0,39.354,0.0,0.0,3.0,600.0,600.0,1.0,1.0,1.0,29791.0196,0.0,29791.0196
W2_P4,54.0,17,3.1398,6.608,0.0,6.608,20.0,20.0,1.5,1.0,38.0318,0.0,0.0,3.0,600.0,600.0,1.0,1.0,1.0,29094.71532,0.0,29094.71532
W2_P4,54.0,18,2.61,6.252,0.0,6.252,2.0,2.0,0.15,0.1,0.508,0.0,0.0,0.3,60.0,60.0,0.1,0.1,0.1,1845.7192,0.0,1845.7192
W2_P4,54.0,19,2.1198,4.312,0.0,4.312,2.0,2.0,0.15,0.1,1.9578,0.0,0.0,0.3,60.0,60.0,0.1,0.1,0.1,2718.03872,0.0,2718.03872
W2_P4,54.0,20,1.86,2.328,0.0,2.328,3.418602,3.418602,0.256395,0.17093,6.6256,0.0,0.0,0.51279,102.558072,102.558072,0.17093,0.17093,0.17093,6520.744833,0.0,6520.744833
W2_P4,54.0,21,1.6302,1.492,0.0,1.492,20.0,20.0,1.5,1.0,41.6382,0.0,0.0,3.0,600.0,600.0,1.0,1.0,1.0,30517.84268,0.0,30517.84268
W2_P4,54.0,22,1.56,2.124,0.0,2.124,20.0,20.0,1.5,1.0,40.936,0.0,0.0,3.0,600.0,600.0,1.0,1.0,1.0,30186.1264,0.0,30186.1264
W2_P4,54.0,23,1.4802,3.696,0.0,3.696,20.0,20.0,1.5,1.0,39.2842,0.0,0.0,3.0,600.0,600.0,1.0,1.0,1.0,19008.31008,0.0,19008.31008
W2_P4,45.0,0,1.3698,5.312,0.0,5.312,20.0,20.0,1.5,1.0,37.5578,0.0,0.0,3.0,600.0,600.0,1.0,1.0,1.0,18659.59072,0.0,18659.59072
W2_P4,45.0,1,1.0998,8.5,0.0,8.5,20.0,20.0,1.5,1.0,34.0998,0.0,0.0,3.0,600.0,600.0,1.0,1.0,1.0,17953.77152,0.0,17953.77152
W2_P4,45.0,2,0.7998,9.38,0.0,9.38,20.0,20.0,1.5,1.0,32.9198,0.0,0.0,3.0,600.0,600.0,1.0,1.0,1.0,17681.73952,0.0,17681.73952
W2_P4,45.0,3,0.99,10.304,0.0,10.304,20.0,20.0,1.5,1.0,32.186,0.0,0.0,3.0,600.0,600.0,1.0,1.0,1.0,17569.0864,0.0,17569.0864
W2_P4,45.0,4,1.1802,9.9,0.0,9.9,20.0,20.0,1.5,1.0,32.7802,0.0,0.0,3.0,600.0,600.0,1.0,1.0,1.0,17711.94048,0.0,17711.94048
W2_P4,45.0,5,1.6302,9.62,0.0,9.62,20.0,20.0,1.5,1.0,33.5102,0.0,0.0,3.0,600.0,600.0,1.0,1.0,1.0,17919.89248,0.0,17919.89248
W2_P4,45.0,6,2.5002,9.14,0.0,9.14,20.0,20.0,1.5,1.0,34.8602,0.0,0.0,3.0,600.0,600.0,1.0,1.0,1.0,18310.13248,0.0,18310.13248
W2_P4,45.0,7,3.3702,7.64,0.0,7.64,20.0,20.0,1.5,1.0,37.2302,0.0,0.0,3.0,600.0,600.0,1.0,1.0,1.0,28762.62348,0.0,28762.62348
W2_P4,45.0,8,4.0098,4.748,0.0,4.748,2.0,2.0,0.15,0.1,3.4118,0.0,0.0,0.3,60.0,60.0,0.1,0.1,0.1,3284.82732,0.0,3284.82732
W2_P4,45.0,9,4.2,4.86,0.0,4.86,2.0,2.0,0.15,0.1,3.49,0.0,0.0,0.3,60.0,60.0,0.1,0.1,0.1,3349.126,0.0,3349.126
W2_P4,45.0,10,4.1202,5.336,0.0,5.336,2.0,2.0,0.15,0.1,2.9342,0.0,0.0,0.3,60.0,60.0,0.1,0.1,0.1,3655.10208,0.0,3655.10208
W2_P4,45.0,11,3.9,4.292,1.28,5.572,2.0,2.0,0.15,0.1,2.478,0.0,0.0,0.3,60.0,60.0,0.1,0.1,0.1,3286.0472,0.0,3286.0472
W2_P4,45.0,12,3.2598,4.168,5.12,9.288,2.905157,2.905157,0.217887,0.145258,0.0,0.0,0.0,0.435773,87.154699,87.154699,0.145258,0.145258,0.145258,1966.32493,0.0,1966.32493
W2_P4,45.0,13,2.6898,6.788,7.68,14.468,5.676241,5.676241,0.425718,0.283812,0.0,0.0,0.0,0.851436,170.287229,170.287229,0.283812,0.283812,0.283812,3359.711677,0.0,3359.711677
W2_P4,45.0,14,3.63,8.364,5.12,13.484,4.748916,4.748916,0.356169,0.237446,0.0,0.0,0.0,0.712337,142.46747,142.46747,0.237446,0.237446,0.237446,3056.941253,0.0,3056.941253
W2_P4,45.0,15,3.8202,8.404,1.28,9.684,20.0,20.0,1.5,1.0,35.6362,0.0,0.0,3.0,600.0,600.0,1.0,1.0,1.0,28062.62788,0.0,28062.62788
W2_P4,45.0,16,3.75,5.896,0.0,5.896,12.669687,12.669687,0.950227,0.633484,24.1436,0.0,0.0,1.900453,380.090602,380.090602,0.633484,0.633484,0.633484,18718.54478,0.0,18718.54478
W2_P4,45.0,17,3.1398,6.608,0.0,6.608,20.0,20.0,1.5,1.0,38.0318,0.0,0.0,3.0,600.0,600.0,1.0,1.0,1.0,29094.71532,0.0,29094.71532
W2_P4,45.0,18,2.61,6.252,0.0,6.252,2.0,2.0,0.15,0.1,0.508,0.0,0.0,0.3,60.0,60.0,0.1,0.1,0.1,1845.7192,0.0,1845.7192
W2_P4,45.0,19,2.1198,4.312,0.0,4.312,2.0,2.0,0.15,0.1,1.9578,0.0,0.0,0.3,60.0,60.0,0.1,0.1,0.1,2718.03872,0.0,2718.03872
W2_P4,45.0,20,1.86,2.328,0.0,2.328,2.0,2.0,0.15,0.1,3.682,0.0,0.0,0.3,60.0,60.0,0.1,0.1,0.1,3803.9368,0.0,3803.9368
W2_P4,45.0,21,1.6302,1.492,0.0,1.492,20.0,20.0,1.5,1.0,41.6382,0.0,0.0,3.0,600.0,600.0,1.0,1.0,1.0,30517.84268,0.0,30517.84268
W2_P4,45.0,22,1.56,2.124,0.0,2.124,20.0,20.0,1.5,1.0,40.936,0.0,0.0,3.0,600.0,600.0,1.0,1.0,1.0,30186.1264,0.0,30186.1264
W2_P4,45.0,23,1.4802,3.696,0.0,3.696,20.0,20.0,1.5,1.0,39.2842,0.0,0.0,3.0,600.0,600.0,1.0,1.0,1.0,19008.31008,0.0,19008.31008
W2_P4,36.0,0,1.3698,5.312,0.0,5.312,20.0,20.0,1.5,1.0,37.5578,0.0,0.0,3.0,600.0,600.0,1.0,1.0,1.0,18659.59072,0.0,18659.59072
W2_P4,36.0,1,1.0998,8.5,0.0,8.5,20.0,20.0,1.5,1.0,34.0998,0.0,0.0,3.0,600.0,600.0,1.0,1.0,1.0,17953.77152,0.0,17953.77152
W2_P4,36.0,2,0.7998,9.38,0.0,9.38,20.0,20.0,1.5,1.0,32.9198,0.0,0.0,3.0,600.0,600.0,1.0,1.0,1.0,17681.73952,0.0,17681.73952
W2_P4,36.0,3,0.99,10.304,0.0,10.304,20.0,20.0,1.5,1.0,32.186,0.0,0.0,3.0,600.0,600.0,1.0,1.0,1.0,17569.0864,0.0,17569.0864
W2_P4,36.0,4,1.1802,9.9,0.0,9.9,20.0,20.0,1.5,1.0,32.7802,0.0,0.0,3.0,600.0,600.0,1.0,1.0,1.0,17711.94048,0.0,17711.94048
W2_P4,36.0,5,1.6302,9.62,0.0,9.62,20.0,20.0,1.5,1.0,33.5102,0.0,0.0,3.0,600.0,600.0,1.0,1.0,1.0,17919.89248,0.0,17919.89248
W2_P4,36.0,6,2.5002,9.14,0.0,9.14,20.0,20.0,1.5,1.0,34.8602,0.0,0.0,3.0,600.0,600.0,1.0,1.0,1.0,18310.13248,0.0,18310.13248
W2_P4,36.0,7,3.3702,7.64,0.0,7.64,20.0,20.0,1.5,1.0,37.2302,0.0,0.0,3.0,600.0,600.0,1.0,1.0,1.0,28762.62348,0.0,28762.62348
W2_P4,36.0,8,4.0098,4.748,0.0,4.748,2.0,2.0,0.15,0.1,3.4118,0.0,0.0,0.3,60.0,60.0,0.1,0.1,0.1,3284.82732,0.0,3284.82732
W2_P4,36.0,9,4.2,4.86,0.0,4.86,2.0,2.0,0.15,0.1,3.49,0.0,0.0,0.3,60.0,60.0,0.1,0.1,0.1,3349.126,0.0,3349.126
W2_P4,36.0,10,4.1202,5.336,0.0,5.336,2.0,2.0,0.15,0.1,2.9342,0.0,0.0,0.3,60.0,60.0,0.1,0.1,0.1,3655.10208,0.0,3655.10208
W2_P4,36.0,11,3.9,4.292,1.28,5.572,2.0,2.0,0.15,0.1,2.478,0.0,0.0,0.3,60.0,60.0,0.1,0.1,0.1,3286.0472,0.0,3286.0472
W2_P4,36.0,12,3.2598,4.168,5.12,9.288,2.905157,2.905157,0.217887,0.145258,0.0,0.0,0.0,0.435773,87.154699,87.154699,0.145258,0.145258,0.145258,1966.32493,0.0,1966.32493
W2_P4,36.0,13,2.6898,6.788,7.68,14.468,5.676241,5.676241,0.425718,0.283812,0.0,0.0,0.0,0.851436,170.287229,170.287229,0.283812,0.283812,0.283812,3359.711677,0.0,3359.711677
W2_P4,36.0,14,3.63,8.364,5.12,13.484,4.748916,4.748916,0.356169,0.237446,0.0,0.0,0.0,0.712337,142.46747,142.46747,0.237446,0.237446,0.237446,3056.941253,0.0,3056.941253
W2_P4,36.0,15,3.8202,8.404,1.28,9.684,20.0,20.0,1.5,1.0,35.6362,0.0,0.0,3.0,600.0,600.0,1.0,1.0,1.0,28062.62788,0.0,28062.62788
W2_P4,36.0,16,3.75,5.896,0.0,5.896,2.0,2.0,0.15,0.1,2.004,0.0,0.0,0.3,60.0,60.0,0.1,0.1,0.1,2601.9296,0.0,2601.9296
W2_P4,36.0,17,3.1398,6.608,0.0,6.608,2.0,2.0,0.15,0.1,0.6818,0.0,0.0,0.3,60.0,60.0,0.1,0.1,0.1,1905.62532,0.0,1905.62532
W2_P4,36.0,18,2.61,6.252,0.0,6.252,2.0,2.0,0.15,0.1,0.508,0.0,0.0,0.3,60.0,60.0,0.1,0.1,0.1,1845.7192,0.0,1845.7192
W2_P4,36.0,19,2.1198,4.312,0.0,4.312,2.0,2.0,0.15,0.1,1.9578,0.0,0.0,0.3,60.0,60.0,0.1,0.1,0.1,2718.03872,0.0,2718.03872
W2_P4,36.0,20,1.86,2.328,0.0,2.328,2.0,2.0,0.15,0.1,3.682,0.0,0.0,0.3,60.0,60.0,0.1,0.1,0.1,3803.9368,0.0,3803.9368
W2_P4,36.0,21,1.6302,1.492,0.0,1.492,2.0,2.0,0.15,0.1,4.2882,0.0,0.0,0.3,60.0,60.0,0.1,0.1,0.1,3328.75268,0.0,3328.75268
W2_P4,36.0,22,1.56,2.124,0.0,2.124,6.669687,6.669687,0.500227,0.333484,13.2756,0.0,0.0,1.000453,200.090602,200.090602,0.333484,0.333484,0.333484,10050.62158,0.0,10050.62158
W2_P4,36.0,23,1.4802,3.696,0.0,3.696,20.0,20.0,1.5,1.0,39.2842,0.0,0.0,3.0,600.0,600.0,1.0,1.0,1.0,19008.31008,0.0,19008.31008
W3_P1,72.0,0,1.3698,11.904,0.0,11.904,20.0,20.0,1.5,1.0,30.9658,0.0,0.0,3.0,600.0,600.0,1.0,1.0,1.0,17391.28992,0.0,17391.28992
W3_P1,72.0,1,1.0998,13.384,0.0,13.384,20.0,20.0,1.5,1.0,29.2158,0.0,0.0,3.0,600.0,600.0,1.0,1.0,1.0,17014.08992,0.0,17014.08992
W3_P1,72.0,2,0.7998,14.268,0.0,14.268,20.0,20.0,1.5,1.0,28.0318,0.0,0.0,3.0,600.0,600.0,1.0,1.0,1.0,16741.28832,0.0,16741.28832
W3_P1,72.0,3,0.99,15.72,0.0,15.72,20.0,20.0,1.5,1.0,26.77,0.0,0.0,3.0,600.0,600.0,1.0,1.0,1.0,16527.048,0.0,16527.048
W3_P1,72.0,4,1.1802,15.088,0.0,15.088,20.0,20.0,1.5,1.0,27.5922,0.0,0.0,3.0,600.0,600.0,1.0,1.0,1.0,16713.76928,0.0,16713.76928
W3_P1,72.0,5,1.6302,13.476,0.0,13.476,20.0,20.0,1.5,1.0,29.6542,0.0,0.0,3.0,600.0,600.0,1.0,1.0,1.0,17177.99808,0.0,17177.99808
W3_P1,72.0,6,2.5002,13.832,14.08,27.912,20.0,20.0,1.5,1.0,16.0882,0.0,0.0,3.0,600.0,600.0,1.0,1.0,1.0,14275.99968,0.0,14275.99968
W3_P1,72.0,7,3.3702,12.76,25.6,38.36,20.0,20.0,1.5,1.0,6.5102,0.0,0.0,3.0,600.0,600.0,1.0,1.0,1.0,13943.29548,0.0,13943.29548
W3_P1,72.0,8,4.0098,10.712,37.12,47.832,20.0,20.0,1.5,1.0,0.0,2.3222,0.0,3.0,600.0,600.0,1.0,1.0,1.0,11064.2,877.55938,10186.64062
W3_P1,72.0,9,4.2,11.916,46.08,57.996,20.0,20.0,1.5,1.0,0.0,12.296,0.0,3.0,600.0,600.0,1.0,1.0,1.0,12320.0,4646.6584,7673.3416
W3_P1,72.0,10,4.1202,8.804,52.48,61.284,20.0,20.0,1.5,1.0,0.0,15.6638,0.0,3.0,600.0,600.0,1.0,1.0,1.0,12621.2,5919.35002,6701.84998
W3_P1,72.0,11,3.9,9.3,55.04,64.34,20.0,20.0,1.5,1.0,0.0,18.94,0.0,3.0,600.0,600.0,1.0,1.0,1.0,13002.8,7157.426,5845.374
W3_P1,72.0,12,3.2598,9.012,56.32,65.332,20.0,20.0,1.5,1.0,0.0,20.5722,0.0,3.0,600.0,600.0,1.0,1.0,1.0,13113.2,7774.23438,5338.96562
W3_P1,72.0,13,2.6898,10.704,56.32,67.024,20.0,20.0,1.5,1.0,0.0,22.8342,0.0,3.0,600.0,600.0,1.0,1.0,1.0,13367.0,8629.04418,4737.95582
W3_P1,72.0,14,3.63,10.604,52.48,63.084,20.0,20.0,1.5,1.0,0.0,17.954,0.0,3.0,600.0,600.0,1.0,1.0,1.0,12891.2,6784.8166,6106.3834
W3_P1,72.0,15,3.8202,14.552,44.8,59.352,20.0,20.0,1.5,1.0,0.0,14.0318,0.0,3.0,600.0,600.0,1.0,1.0,1.0,12561.8,5302.61722,7259.18278
W3_P1,72.0,16,3.75,13.724,33.28,47.004,20.0,20.0,1.5,1.0,0.0,1.754,0.0,3.0,600.0,600.0,1.0,1.0,1.0,11055.2,662.8366,10392.3634
W3_P1,72.0,17,3.1398,12.348,24.32,36.668,20.0,20.0,1.5,1.0,7.9718,0.0,0.0,3.0,600.0,600.0,1.0,1.0,1.0,14615.67132,0.0,14615.67132
W3_P1,72.0,18,2.61,12.152,11.52,23.672,20.0,20.0,1.5,1.0,20.438,0.0,0.0,3.0,600.0,600.0,1.0,1.0,1.0,24607.6512,0.0,24607.6512
W3_P1,72.0,19,2.1198,9.236,0.0,9.236,20.0,20.0,1.5,1.0,34.3838,0.0,0.0,3.0,600.0,600.0,1.0,1.0,1.0,33977.96112,0.0,33977.96112
W3_P1,72.0,20,1.86,7.228,0.0,7.228,20.0,20.0,1.5,1.0,36.132,0.0,0.0,3.0,600.0,600.0,1.0,1.0,1.0,35079.5168,0.0,35079.5168
W3_P1,72.0,21,1.6302,6.252,0.0,6.252,20.0,20.0,1.5,1.0,36.8782,0.0,0.0,3.0,600.0,600.0,1.0,1.0,1.0,28340.61868,0.0,28340.61868
W3_P1,72.0,22,1.56,6.452,0.0,6.452,20.0,20.0,1.5,1.0,36.608,0.0,0.0,3.0,600.0,600.0,1.0,1.0,1.0,28206.4992,0.0,28206.4992
W3_P1,72.0,23,1.4802,7.972,0.0,7.972,20.0,20.0,1.5,1.0,35.0082,0.0,0.0,3.0,600.0,600.0,1.0,1.0,1.0,18185.60768,0.0,18185.60768
W3_P1,63.0,0,1.3698,11.904,0.0,11.904,20.0,20.0,1.5,1.0,30.9658,0.0,0.0,3.0,600.0,600.0,1.0,1.0,1.0,17391.28992,0.0,17391.28992
W3_P1,63.0,1,1.0998,13.384,0.0,13.384,20.0,20.0,1.5,1.0,29.2158,0.0,0.0,3.0,600.0,600.0,1.0,1.0,1.0,17014.08992,0.0,17014.08992
W3_P1,63.0,2,0.7998,14.268,0.0,14.268,20.0,20.0,1.5,1.0,28.0318,0.0,0.0,3.0,600.0,600.0,1.0,1.0,1.0,16741.28832,0.0,16741.28832
W3_P1,63.0,3,0.99,15.72,0.0,15.72,20.0,20.0,1.5,1.0,26.77,0.0,0.0,3.0,600.0,600.0,1.0,1.0,1.0,16527.048,0.0,16527.048
W3_P1,63.0,4,1.1802,15.088,0.0,15.088,20.0,20.0,1.5,1.0,27.5922,0.0,0.0,3.0,600.0,600.0,1.0,1.0,1.0,16713.76928,0.0,16713.76928
W3_P1,63.0,5,1.6302,13.476,0.0,13.476,20.0,20.0,1.5,1.0,29.6542,0.0,0.0,3.0,600.0,600.0,1.0,1.0,1.0,17177.99808,0.0,17177.99808
W3_P1,63.0,6,2.5002,13.832,14.08,27.912,20.0,20.0,1.5,1.0,16.0882,0.0,0.0,3.0,600.0,600.0,1.0,1.0,1.0,14275.99968,0.0,14275.99968
W3_P1,63.0,7,3.3702,12.76,25.6,38.36,16.862554,16.862554,1.264692,0.843128,0.0,0.0,0.0,2.529383,505.876627,505.876627,0.843128,0.843128,0.843128,9204.167937,0.0,9204.167937
W3_P1,63.0,8,4.0098,10.712,37.12,47.832,20.0,20.0,1.5,1.0,0.0,2.3222,0.0,3.0,600.0,600.0,1.0,1.0,1.0,11064.2,877.55938,10186.64062
W3_P1,63.0,9,4.2,11.916,46.08,57.996,20.0,20.0,1.5,1.0,0.0,12.296,0.0,3.0,600.0,600.0,1.0,1.0,1.0,12320.0,4646.6584,7673.3416
W3_P1,63.0,10,4.1202,8.804,52.48,61.284,20.0,20.0,1.5,1.0,0.0,15.6638,0.0,3.0,600.0,600.0,1.0,1.0,1.0,12621.2,5919.35002,6701.84998
W3_P1,63.0,11,3.9,9.3,55.04,64.34,20.0,20.0,1.5,1.0,0.0,18.94,0.0,3.0,600.0,600.0,1.0,1.0,1.0,13002.8,7157.426,5845.374
W3_P1,63.0,12,3.2598,9.012,56.32,65.332,20.0,20.0,1.5,1.0,0.0,20.5722,0.0,3.0,600.0,600.0,1.0,1.0,1.0,13113.2,7774.23438,5338.96562
W3_P1,63.0,13,2.6898,10.704,56.32,67.024,20.0,20.0,1.5,1.0,0.0,22.8342,0.0,3.0,600.0,600.0,1.0,1.0,1.0,13367.0,8629.04418,4737.95582
W3_P1,63.0,14,3.63,10.604,52.48,63.084,20.0,20.0,1.5,1.0,0.0,17.954,0.0,3.0,600.0,600.0,1.0,1.0,1.0,12891.2,6784.8166,6106.3834
W3_P1,63.0,15,3.8202,14.552,44.8,59.352,20.0,20.0,1.5,1.0,0.0,14.0318,0.0,3.0,600.0,600.0,1.0,1.0,1.0,12561.8,5302.61722,7259.18278
W3_P1,63.0,16,3.75,13.724,33.28,47.004,20.0,20.0,1.5,1.0,0.0,1.754,0.0,3.0,600.0,600.0,1.0,1.0,1.0,11055.2,662.8366,10392.3634
W3_P1,63.0,17,3.1398,12.348,24.32,36.668,16.158169,16.158169,1.211863,0.807908,0.0,0.0,0.0,2.423725,484.74506,484.74506,0.807908,0.807908,0.807908,8812.565894,0.0,8812.565894
W3_P1,63.0,18,2.61,12.152,11.52,23.672,10.150361,10.150361,0.761277,0.507518,0.0,0.0,0.0,1.522554,304.510843,304.510843,0.507518,0.507518,0.507518,5744.312916,0.0,5744.312916
W3_P1,63.0,19,2.1198,9.236,0.0,9.236,3.429494,3.429494,0.257212,0.171475,0.0,0.0,0.0,0.514424,102.884819,102.884819,0.171475,0.171475,0.171475,2243.287918,0.0,2243.287918
W3_P1,63.0,20,1.86,7.228,0.0,7.228,2.586988,2.586988,0.194024,0.129349,0.0,0.0,0.0,0.388048,77.609639,77.609639,0.129349,0.129349,0.129349,1731.335036,0.0,1731.335036
W3_P1,63.0,21,1.6302,6.252,0.0,6.252,10.812434,10.812434,0.810933,0.540622,17.814,0.0,0.0,1.621865,324.373012,324.373012,0.540622,0.540622,0.540622,14462.753899,0.0,14462.753899
W3_P1,63.0,22,1.56,6.452,0.0,6.452,20.0,20.0,1.5,1.0,36.608,0.0,0.0,3.0,600.0,600.0,1.0,1.0,1.0,28206.4992,0.0,28206.4992
W3_P1,63.0,23,1.4802,7.972,0.0,7.972,20.0,20.0,1.5,1.0,35.0082,0.0,0.0,3.0,600.0,600.0,1.0,1.0,1.0,18185.60768,0.0,18185.60768
W3_P1,54.0,0,1.3698,11.904,0.0,11.904,20.0,20.0,1.5,1.0,30.9658,0.0,0.0,3.0,600.0,600.0,1.0,1.0,1.0,17391.28992,0.0,17391.28992
W3_P1,54.0,1,1.0998,13.384,0.0,13.384,20.0,20.0,1.5,1.0,29.2158,0.0,0.0,3.0,600.0,600.0,1.0,1.0,1.0,17014.08992,0.0,17014.08992
W3_P1,54.0,2,0.7998,14.268,0.0,14.268,20.0,20.0,1.5,1.0,28.0318,0.0,0.0,3.0,600.0,600.0,1.0,1.0,1.0,16741.28832,0.0,16741.28832
W3_P1,54.0,3,0.99,15.72,0.0,15.72,20.0,20.0,1.5,1.0,26.77,0.0,0.0,3.0,600.0,600.0,1.0,1.0,1.0,16527.048,0.0,16527.048
W3_P1,54.0,4,1.1802,15.088,0.0,15.088,20.0,20.0,1.5,1.0,27.5922,0.0,0.0,3.0,600.0,600.0,1.0,1.0,1.0,16713.76928,0.0,16713.76928
W3_P1,54.0,5,1.6302,13.476,0.0,13.476,20.0,20.0,1.5,1.0,29.6542,0.0,0.0,3.0,600.0,600.0,1.0,1.0,1.0,17177.99808,0.0,17177.99808
W3_P1,54.0,6,2.5002,13.832,14.08,27.912,20.0,20.0,1.5,1.0,16.0882,0.0,0.0,3.0,600.0,600.0,1.0,1.0,1.0,14275.99968,0.0,14275.99968
W3_P1,54.0,7,3.3702,12.76,25.6,38.36,16.862554,16.862554,1.264692,0.843128,0.0,0.0,0.0,2.529383,505.876627,505.876627,0.843128,0.843128,0.843128,9204.167937,0.0,9204.167937
W3_P1,54.0,8,4.0098,10.712,37.12,47.832,20.0,20.0,1.5,1.0,0.0,2.3222,0.0,3.0,600.0,600.0,1.0,1.0,1.0,11064.2,877.55938,10186.64062
W3_P1,54.0,9,4.2,11.916,46.08,57.996,20.0,20.0,1.5,1.0,0.0,12.296,0.0,3.0,600.0,600.0,1.0,1.0,1.0,12320.0,4646.6584,7673.3416
W3_P1,54.0,10,4.1202,8.804,52.48,61.284,20.0,20.0,1.5,1.0,0.0,15.6638,0.0,3.0,600.0,600.0,1.0,1.0,1.0,12621.2,5919.35002,6701.84998
W3_P1,54.0,11,3.9,9.3,55.04,64.34,20.0,20.0,1.5,1.0,0.0,18.94,0.0,3.0,600.0,600.0,1.0,1.0,1.0,13002.8,7157.426,5845.374
W3_P1,54.0,12,3.2598,9.012,56.32,65.332,20.0,20.0,1.5,1.0,0.0,20.5722,0.0,3.0,600.0,600.0,1.0,1.0,1.0,13113.2,7774.23438,5338.96562
W3_P1,54.0,13,2.6898,10.704,56.32,67.024,20.0,20.0,1.5,1.0,0.0,22.8342,0.0,3.0,600.0,600.0,1.0,1.0,1.0,13367.0,8629.04418,4737.95582
W3_P1,54.0,14,3.63,10.604,52.48,63.084,20.0,20.0,1.5,1.0,0.0,17.954,0.0,3.0,600.0,600.0,1.0,1.0,1.0,12891.2,6784.8166,6106.3834
W3_P1,54.0,15,3.8202,14.552,44.8,59.352,4.22747,4.22747,0.31706,0.211373,0.0,46.7598,0.0,0.63412,126.824096,126.824096,0.211373,0.211373,0.211373,8616.30159,17670.52842,-9054.22683
W3_P1,54.0,16,3.75,13.724,33.28,47.004,2.0,2.0,0.15,0.1,0.0,39.104,0.0,0.3,60.0,60.0,0.1,0.1,0.1,6552.5,14777.4016,-8224.9016
W3_P1,54.0,17,3.1398,12.348,24.32,36.668,16.158169,16.158169,1.211863,0.807908,0.0,0.0,0.0,2.423725,484.74506,484.74506,0.807908,0.807908,0.807908,8812.565894,0.0,8812.565894
W3_P1,54.0,18,2.61,12.152,11.52,23.672,10.150361,10.150361,0.761277,0.507518,0.0,0.0,0.0,1.522554,304.510843,304.510843,0.507518,0.507518,0.507518,5744.312916,0.0,5744.312916
W3_P1,54.0,19,2.1198,9.236,0.0,9.236,3.429494,3.429494,0.257212,0.171475,0.0,0.0,0.0,0.514424,102.884819,102.884819,0.171475,0.171475,0.171475,2243.287918,0.0,2243.287918
W3_P1,54.0,20,1.86,7.228,0.0,7.228,2.586988,2.586988,0.194024,0.129349,0.0,0.0,0.0,0.388048,77.609639,77.609639,0.129349,0.129349,0.129349,1731.335036,0.0,1731.335036
W3_P1,54.0,21,1.6302,6.252,0.0,6.252,2.227373,2.227373,0.167053,0.111369,0.0,0.0,0.0,0.334106,66.821205,66.821205,0.111369,0.111369,0.111369,1494.97748,0.0,1494.97748
W3_P1,54.0,22,1.56,6.452,0.0,6.452,2.35759,2.35759,0.176819,0.11788,0.0,0.0,0.0,0.353639,70.727711,70.727711,0.11788,0.11788,0.11788,1557.551229,0.0,1557.551229
W3_P1,54.0,23,1.4802,7.972,0.0,7.972,20.0,20.0,1.5,1.0,35.0082,0.0,0.0,3.0,600.0,600.0,1.0,1.0,1.0,18185.60768,0.0,18185.60768
W3_P1,45.0,0,1.3698,11.904,0.0,11.904,20.0,20.0,1.5,1.0,30.9658,0.0,0.0,3.0,600.0,600.0,1.0,1.0,1.0,17391.28992,0.0,17391.28992
W3_P1,45.0,1,1.0998,13.384,0.0,13.384,20.0,20.0,1.5,1.0,29.2158,-0.0,0.0,3.0,600.0,600.0,1.0,1.0,1.0,17014.08992,-0.0,17014.08992
W3_P1,45.0,2,0.7998,14.268,0.0,14.268,20.0,20.0,1.5,1.0,28.0318,0.0,0.0,3.0,600.0,600.0,1.0,1.0,1.0,16741.28832,0.0,16741.28832
W3_P1,45.0,3,0.99,15.72,0.0,15.72,20.0,20.0,1.5,1.0,26.77,0.0,0.0,3.0,600.0,600.0,1.0,1.0,1.0,16527.048,0.0,16527.048
W3_P1,45.0,4,1.1802,15.088,0.0,15.088,20.0,20.0,1.5,1.0,27.5922,0.0,0.0,3.0,600.0,600.0,1.0,1.0,1.0,16713.76928,0.0,16713.76928
W3_P1,45.0,5,1.6302,13.476,0.0,13.476,20.0,20.0,1.5,1.0,29.6542,-0.0,0.0,3.0,600.0,600.0,1.0,1.0,1.0,17177.99808,-0.0,17177.99808
W3_P1,45.0,6,2.5002,13.832,14.08,27.912,20.0,20.0,1.5,1.0,16.0882,-0.0,0.0,3.0,600.0,600.0,1.0,1.0,1.0,14275.99968,-0.0,14275.99968
W3_P1,45.0,7,3.3702,12.76,25.6,38.36,16.862554,16.862554,1.264692,0.843128,0.0,0.0,0.0,2.529383,505.876627,505.876627,0.843128,0.843128,0.843128,9204.167937,0.0,9204.167937
W3_P1,45.0,8,4.0098,10.712,37.12,47.832,20.0,20.0,1.5,1.0,0.0,2.3222,0.0,3.0,600.0,600.0,1.0,1.0,1.0,11064.2,877.55938,10186.64062
W3_P1,45.0,9,4.2,11.916,46.08,57.996,20.0,20.0,1.5,1.0,0.0,12.296,0.0,3.0,600.0,600.0,1.0,1.0,1.0,12320.0,4646.6584,7673.3416
W3_P1,45.0,10,4.1202,8.804,52.48,61.284,20.0,20.0,1.5,1.0,0.0,15.6638,0.0,3.0,600.0,600.0,1.0,1.0,1.0,12621.2,5919.35002,6701.84998
W3_P1,45.0,11,3.9,9.3,55.04,64.34,20.0,20.0,1.5,1.0,0.0,18.94,0.0,3.0,600.0,600.0,1.0,1.0,1.0,13002.8,7157.426,5845.374
W3_P1,45.0,12,3.2598,9.012,56.32,65.332,20.0,20.0,1.5,1.0,0.0,20.5722,0.0,3.0,600.0,600.0,1.0,1.0,1.0,13113.2,7774.23438,5338.96562
W3_P1,45.0,13,2.6898,10.704,56.32,67.024,3.965494,3.965494,0.297412,0.198275,0.0,56.1058,0.0,0.594824,118.964819,118.964819,0.198275,0.198275,0.198275,9355.968318,21202.38182,-11846.413502
W3_P1,45.0,14,3.63,10.604,52.48,63.084,2.0,2.0,0.15,0.1,0.0,55.304,0.0,0.3,60.0,60.0,0.1,0.1,0.1,8388.5,20899.3816,-12510.8816
W3_P1,45.0,15,3.8202,14.552,44.8,59.352,2.0,2.0,0.15,0.1,0.0,51.3818,0.0,0.3,60.0,60.0,0.1,0.1,0.1,8059.1,19417.18222,-11358.08222
W3_P1,45.0,16,3.75,13.724,33.28,47.004,2.0,2.0,0.15,0.1,0.0,39.104,0.0,0.3,60.0,60.0,0.1,0.1,0.1,6552.5,14777.4016,-8224.9016
W3_P1,45.0,17,3.1398,12.348,24.32,36.668,2.0,2.0,0.15,0.1,0.0,29.3782,0.0,0.3,60.0,60.0,0.1,0.1,0.1,5270.9,11102.02178,-5831.12178
W3_P1,45.0,18,2.61,12.152,11.52,23.672,2.0,2.0,0.15,0.1,0.0,16.912,0.0,0.3,60.0,60.0,0.1,0.1,0.1,3705.5,6391.0448,-2685.5448
W3_P1,45.0,19,2.1198,9.236,0.0,9.236,2.0,2.0,0.15,0.1,0.0,2.9662,0.0,0.3,60.0,60.0,0.1,0.1,0.1,1885.7,1120.92698,764.77302
W3_P1,45.0,20,1.86,7.228,0.0,7.228,2.586988,2.586988,0.194024,0.129349,0.0,0.0,0.0,0.388048,77.609639,77.609639,0.129349,0.129349,0.129349,1731.335036,0.0,1731.335036
W3_P1,45.0,21,1.6302,6.252,0.0,6.252,2.227373,2.227373,0.167053,0.111369,0.0,0.0,0.0,0.334106,66.821205,66.821205,0.111369,0.111369,0.111369,1494.97748,0.0,1494.97748
W3_P1,45.0,22,1.56,6.452,0.0,6.452,2.35759,2.35759,0.176819,0.11788,0.0,0.0,0.0,0.353639,70.727711,70.727711,0.11788,0.11788,0.11788,1557.551229,0.0,1557.551229
W3_P1,45.0,23,1.4802,7.972,0.0,7.972,20.0,20.0,1.5,1.0,35.0082,-0.0,0.0,3.0,600.0,600.0,1.0,1.0,1.0,18185.60768,-0.0,18185.60768
W3_P1,36.0,0,1.3698,11.904,0.0,11.904,20.0,20.0,1.5,1.0,30.9658,0.0,0.0,3.0,600.0,600.0,1.0,1.0,1.0,17391.28992,0.0,17391.28992
W3_P1,36.0,1,1.0998,13.384,0.0,13.384,20.0,20.0,1.5,1.0,29.2158,-0.0,0.0,3.0,600.0,600.0,1.0,1.0,1.0,17014.08992,-0.0,17014.08992
W3_P1,36.0,2,0.7998,14.268,0.0,14.268,20.0,20.0,1.5,1.0,28.0318,0.0,0.0,3.0,600.0,600.0,1.0,1.0,1.0,16741.28832,0.0,16741.28832
W3_P1,36.0,3,0.99,15.72,0.0,15.72,20.0,20.0,1.5,1.0,26.77,0.0,0.0,3.0,600.0,600.0,1.0,1.0,1.0,16527.048,0.0,16527.048
W3_P1,36.0,4,1.1802,15.088,0.0,15.088,20.0,20.0,1.5,1.0,27.5922,0.0,0.0,3.0,600.0,600.0,1.0,1.0,1.0,16713.76928,0.0,16713.76928
W3_P1,36.0,5,1.6302,13.476,0.0,13.476,20.0,20.0,1.5,1.0,29.6542,-0.0,0.0,3.0,600.0,600.0,1.0,1.0,1.0,17177.99808,-0.0,17177.99808
W3_P1,36.0,6,2.5002,13.832,14.08,27.912,20.0,20.0,1.5,1.0,16.0882,-0.0,0.0,3.0,600.0,600.0,1.0,1.0,1.0,14275.99968,-0.0,14275.99968
W3_P1,36.0,7,3.3702,12.76,25.6,38.36,16.862554,16.862554,1.264692,0.843128,0.0,0.0,0.0,2.529383,505.876627,505.876627,0.843128,0.843128,0.843128,9204.167937,0.0,9204.167937
W3_P1,36.0,8,4.0098,10.712,37.12,47.832,20.0,20.0,1.5,1.0,0.0,2.3222,0.0,3.0,600.0,600.0,1.0,1.0,1.0,11064.2,877.55938,10186.64062
W3_P1,36.0,9,4.2,11.916,46.08,57.996,15.965494,15.965494,1.197412,0.798275,0.0,20.6676,0.0,2.394824,478.964819,478.964819,0.798275,0.798275,0.798275,11310.768318,7810.28604,3500.482278
W3_P1,36.0,10,4.1202,8.804,52.48,61.284,2.0,2.0,0.15,0.1,0.0,53.0138,0.0,0.3,60.0,60.0,0.1,0.1,0.1,8118.5,20033.91502,-11915.41502
W3_P1,36.0,11,3.9,9.3,55.04,64.34,2.0,2.0,0.15,0.1,0.0,56.29,0.0,0.3,60.0,60.0,0.1,0.1,0.1,8500.1,21271.991,-12771.891
W3_P1,36.0,12,3.2598,9.012,56.32,65.332,2.0,2.0,0.15,0.1,0.0,57.9222,0.0,0.3,60.0,60.0,0.1,0.1,0.1,8610.5,21888.79938,-13278.29938
W3_P1,36.0,13,2.6898,10.704,56.32,67.024,2.0,2.0,0.15,0.1,0.0,60.1842,0.0,0.3,60.0,60.0,0.1,0.1,0.1,8864.3,22743.60918,-13879.30918
W3_P1,36.0,14,3.63,10.604,52.48,63.084,2.0,2.0,0.15,0.1,0.0,55.304,0.0,0.3,60.0,60.0,0.1,0.1,0.1,8388.5,20899.3816,-12510.8816
W3_P1,36.0,15,3.8202,14.552,44.8,59.352,2.0,2.0,0.15,0.1,0.0,51.3818,0.0,0.3,60.0,60.0,0.1,0.1,0.1,8059.1,19417.18222,-11358.08222
W3_P1,36.0,16,3.75,13.724,33.28,47.004,2.0,2.0,0.15,0.1,0.0,39.104,0.0,0.3,60.0,60.0,0.1,0.1,0.1,6552.5,14777.4016,-8224.9016
W3_P1,36.0,17,3.1398,12.348,24.32,36.668,2.0,2.0,0.15,0.1,0.0,29.3782,0.0,0.3,60.0,60.0,0.1,0.1,0.1,5270.9,11102.02178,-5831.12178
W3_P1,36.0,18,2.61,12.152,11.52,23.672,2.0,2.0,0.15,0.1,0.0,16.912,0.0,0.3,60.0,60.0,0.1,0.1,0.1,3705.5,6391.0448,-2685.5448
W3_P1,36.0,19,2.1198,9.236,0.0,9.236,2.0,2.0,0.15,0.1,0.0,2.9662,0.0,0.3,60.0,60.0,0.1,0.1,0.1,1885.7,1120.92698,764.77302
W3_P1,36.0,20,1.86,7.228,0.0,7.228,2.586988,2.586988,0.194024,0.129349,0.0,0.0,0.0,0.388048,77.609639,77.609639,0.129349,0.129349,0.129349,1731.335036,0.0,1731.335036
W3_P1,36.0,21,1.6302,6.252,0.0,6.252,2.227373,2.227373,0.167053,0.111369,0.0,0.0,0.0,0.334106,66.821205,66.821205,0.111369,0.111369,0.111369,1494.97748,0.0,1494.97748
W3_P1,36.0,22,1.56,6.452,0.0,6.452,2.35759,2.35759,0.176819,0.11788,0.0,0.0,0.0,0.353639,70.727711,70.727711,0.11788,0.11788,0.11788,1557.551229,0.0,1557.551229
W3_P1,36.0,23,1.4802,7.972,0.0,7.972,20.0,20.0,1.5,1.0,35.0082,-0.0,0.0,3.0,600.0,600.0,1.0,1.0,1.0,18185.60768,-0.0,18185.60768
W3_P2,72.0,0,1.3698,11.904,0.0,11.904,20.0,20.0,1.5,1.0,30.9658,0.0,0.0,3.0,600.0,600.0,1.0,1.0,1.0,17391.28992,0.0,17391.28992
W3_P2,72.0,1,1.0998,13.384,0.0,13.384,20.0,20.0,1.5,1.0,29.2158,0.0,0.0,3.0,600.0,600.0,1.0,1.0,1.0,17014.08992,0.0,17014.08992
W3_P2,72.0,2,0.7998,14.268,0.0,14.268,20.0,20.0,1.5,1.0,28.0318,0.0,0.0,3.0,600.0,600.0,1.0,1.0,1.0,16741.28832,0.0,16741.28832
W3_P2,72.0,3,0.99,15.72,0.0,15.72,20.0,20.0,1.5,1.0,26.77,0.0,0.0,3.0,600.0,600.0,1.0,1.0,1.0,16527.048,0.0,16527.048
W3_P2,72.0,4,1.1802,15.088,0.0,15.088,20.0,20.0,1.5,1.0,27.5922,0.0,0.0,3.0,600.0,600.0,1.0,1.0,1.0,16713.76928,0.0,16713.76928
W3_P2,72.0,5,1.6302,13.476,0.0,13.476,20.0,20.0,1.5,1.0,29.6542,0.0,0.0,3.0,600.0,600.0,1.0,1.0,1.0,17177.99808,0.0,17177.99808
W3_P2,72.0,6,2.5002,13.832,0.0,13.832,20.0,20.0,1.5,1.0,30.1682,0.0,0.0,3.0,600.0,600.0,1.0,1.0,1.0,17407.39168,0.0,17407.39168
W3_P2,72.0,7,3.3702,12.76,3.2,15.96,20.0,20.0,1.5,1.0,28.9102,0.0,0.0,3.0,600.0,600.0,1.0,1.0,1.0,24861.05548,0.0,24861.05548
W3_P2,72.0,8,4.0098,10.712,10.88,21.592,20.0,20.0,1.5,1.0,23.9178,0.0,0.0,3.0,600.0,600.0,1.0,1.0,1.0,22443.07172,0.0,22443.07172
W3_P2,72.0,9,4.2,11.916,17.92,29.836,20.0,20.0,1.5,1.0,15.864,0.0,0.0,3.0,600.0,600.0,1.0,1.0,1.0,18576.5936,0.0,18576.5936
W3_P2,72.0,10,4.1202,8.804,24.96,33.764,20.0,20.0,1.5,1.0,11.8562,0.0,0.0,3.0,600.0,600.0,1.0,1.0,1.0,18832.21488,0.0,18832.21488
W3_P2,72.0,11,3.9,9.3,31.36,40.66,20.0,20.0,1.5,1.0,4.74,0.0,0.0,3.0,600.0,600.0,1.0,1.0,1.0,13964.576,0.0,13964.576
W3_P2,72.0,12,3.2598,9.012,35.84,44.852,20.0,20.0,1.5,1.0,0.0,0.0922,0.0,3.0,600.0,600.0,1.0,1.0,1.0,10655.6,34.84238,10620.75762
W3_P2,72.0,13,2.6898,10.704,37.12,47.824,20.0,20.0,1.5,1.0,0.0,3.6342,0.0,3.0,600.0,600.0,1.0,1.0,1.0,11063.0,1373.36418,9689.63582
W3_P2,72.0,14,3.63,10.604,32.0,42.604,20.0,20.0,1.5,1.0,2.526,0.0,0.0,3.0,600.0,600.0,1.0,1.0,1.0,12460.4624,0.0,12460.4624
W3_P2,72.0,15,3.8202,14.552,25.6,40.152,20.0,20.0,1.5,1.0,5.1682,0.0,0.0,3.0,600.0,600.0,1.0,1.0,1.0,13396.96468,0.0,13396.96468
W3_P2,72.0,16,3.75,13.724,19.2,32.924,20.0,20.0,1.5,1.0,12.326,0.0,0.0,3.0,600.0,600.0,1.0,1.0,1.0,16852.4124,0.0,16852.4124
W3_P2,72.0,17,3.1398,12.348,9.6,21.948,20.0,20.0,1.5,1.0,22.6918,0.0,0.0,3.0,600.0,600.0,1.0,1.0,1.0,21790.19932,0.0,21790.19932
W3_P2,72.0,18,2.61,12.152,3.2,15.352,20.0,20.0,1.5,1.0,28.758,0.0,0.0,3.0,600.0,600.0,1.0,1.0,1.0,30285.2192,0.0,30285.2192
W3_P2,72.0,19,2.1198,9.236,0.0,9.236,20.0,20.0,1.5,1.0,34.3838,0.0,0.0,3.0,600.0,600.0,1.0,1.0,1.0,33977.96112,0.0,33977.96112
W3_P2,72.0,20,1.86,7.228,0.0,7.228,20.0,20.0,1.5,1.0,36.132,0.0,0.0,3.0,600.0,600.0,1.0,1.0,1.0,35079.5168,0.0,35079.5168
W3_P2,72.0,21,1.6302,6.252,0.0,6.252,20.0,20.0,1.5,1.0,36.8782,0.0,0.0,3.0,600.0,600.0,1.0,1.0,1.0,28340.61868,0.0,28340.61868
W3_P2,72.0,22,1.56,6.452,0.0,6.452,20.0,20.0,1.5,1.0,36.608,0.0,0.0,3.0,600.0,600.0,1.0,1.0,1.0,28206.4992,0.0,28206.4992
W3_P2,72.0,23,1.4802,7.972,0.0,7.972,20.0,20.0,1.5,1.0,35.0082,0.0,0.0,3.0,600.0,600.0,1.0,1.0,1.0,18185.60768,0.0,18185.60768
W3_P2,63.0,0,1.3698,11.904,0.0,11.904,20.0,20.0,1.5,1.0,30.9658,0.0,0.0,3.0,600.0,600.0,1.0,1.0,1.0,17391.28992,0.0,17391.28992
W3_P2,63.0,1,1.0998,13.384,0.0,13.384,20.0,20.0,1.5,1.0,29.2158,0.0,0.0,3.0,600.0,600.0,1.0,1.0,1.0,17014.08992,0.0,17014.08992
W3_P2,63.0,2,0.7998,14.268,0.0,14.268,20.0,20.0,1.5,1.0,28.0318,0.0,0.0,3.0,600.0,600.0,1.0,1.0,1.0,16741.28832,0.0,16741.28832
W3_P2,63.0,3,0.99,15.72,0.0,15.72,20.0,20.0,1.5,1.0,26.77,0.0,0.0,3.0,600.0,600.0,1.0,1.0,1.0,16527.048,0.0,16527.048
W3_P2,63.0,4,1.1802,15.088,0.0,15.088,20.0,20.0,1.5,1.0,27.5922,0.0,0.0,3.0,600.0,600.0,1.0,1.0,1.0,16713.76928,0.0,16713.76928
W3_P2,63.0,5,1.6302,13.476,0.0,13.476,20.0,20.0,1.5,1.0,29.6542,0.0,0.0,3.0,600.0,600.0,1.0,1.0,1.0,17177.99808,0.0,17177.99808
W3_P2,63.0,6,2.5002,13.832,0.0,13.832,20.0,20.0,1.5,1.0,30.1682,0.0,0.0,3.0,600.0,600.0,1.0,1.0,1.0,17407.39168,0.0,17407.39168
W3_P2,63.0,7,3.3702,12.76,3.2,15.96,17.058313,17.058313,1.279373,0.852916,22.8062,0.0,0.0,2.558747,511.749398,511.749398,0.852916,0.852916,0.852916,20417.62294,0.0,20417.62294
W3_P2,63.0,8,4.0098,10.712,10.88,21.592,20.0,20.0,1.5,1.0,23.9178,0.0,0.0,3.0,600.0,600.0,1.0,1.0,1.0,22443.07172,0.0,22443.07172
W3_P2,63.0,9,4.2,11.916,17.92,29.836,20.0,20.0,1.5,1.0,15.864,0.0,0.0,3.0,600.0,600.0,1.0,1.0,1.0,18576.5936,0.0,18576.5936
W3_P2,63.0,10,4.1202,8.804,24.96,33.764,14.286169,14.286169,1.071463,0.714308,0.0,-0.0,0.0,2.142925,428.58506,428.58506,0.714308,0.714308,0.714308,7889.485094,-0.0,7889.485094
W3_P2,63.0,11,3.9,9.3,31.36,40.66,17.715663,17.715663,1.328675,0.885783,0.0,-0.0,0.0,2.657349,531.46988,531.46988,0.885783,0.885783,0.885783,9589.773012,-0.0,9589.773012
W3_P2,63.0,12,3.2598,9.012,35.84,44.852,20.0,20.0,1.5,1.0,0.0,0.0922,0.0,3.0,600.0,600.0,1.0,1.0,1.0,10655.6,34.84238,10620.75762
W3_P2,63.0,13,2.6898,10.704,37.12,47.824,20.0,20.0,1.5,1.0,0.0,3.6342,0.0,3.0,600.0,600.0,1.0,1.0,1.0,11063.0,1373.36418,9689.63582
W3_P2,63.0,14,3.63,10.604,32.0,42.604,18.782651,18.782651,1.408699,0.939133,0.0,0.0,0.0,2.817398,563.479518,563.479518,0.939133,0.939133,0.939133,10129.080048,0.0,10129.080048
W3_P2,63.0,15,3.8202,14.552,25.6,40.152,20.0,20.0,1.5,1.0,5.1682,0.0,0.0,3.0,600.0,600.0,1.0,1.0,1.0,13396.96468,0.0,13396.96468
W3_P2,63.0,16,3.75,13.724,19.2,32.924,20.0,20.0,1.5,1.0,12.326,0.0,0.0,3.0,600.0,600.0,1.0,1.0,1.0,16852.4124,0.0,16852.4124
W3_P2,63.0,17,3.1398,12.348,9.6,21.948,20.0,20.0,1.5,1.0,22.6918,0.0,0.0,3.0,600.0,600.0,1.0,1.0,1.0,21790.19932,0.0,21790.19932
W3_P2,63.0,18,2.61,12.152,3.2,15.352,6.140723,6.140723,0.460554,0.307036,0.0,-0.0,0.0,0.921108,184.221687,184.221687,0.307036,0.307036,0.307036,3742.901831,-0.0,3742.901831
W3_P2,63.0,19,2.1198,9.236,0.0,9.236,3.429494,3.429494,0.257212,0.171475,0.0,-0.0,0.0,0.514424,102.884819,102.884819,0.171475,0.171475,0.171475,2243.287918,-0.0,2243.287918
W3_P2,63.0,20,1.86,7.228,0.0,7.228,2.586988,2.586988,0.194024,0.129349,0.0,-0.0,0.0,0.388048,77.609639,77.609639,0.129349,0.129349,0.129349,1731.335036,-0.0,1731.335036
W3_P2,63.0,21,1.6302,6.252,0.0,6.252,20.0,20.0,1.5,1.0,36.8782,0.0,0.0,3.0,600.0,600.0,1.0,1.0,1.0,28340.61868,0.0,28340.61868
W3_P2,63.0,22,1.56,6.452,0.0,6.452,20.0,20.0,1.5,1.0,36.608,0.0,0.0,3.0,600.0,600.0,1.0,1.0,1.0,28206.4992,0.0,28206.4992
W3_P2,63.0,23,1.4802,7.972,0.0,7.972,20.0,20.0,1.5,1.0,35.0082,0.0,0.0,3.0,600.0,600.0,1.0,1.0,1.0,18185.60768,0.0,18185.60768
W3_P2,54.0,0,1.3698,11.904,0.0,11.904,20.0,20.0,1.5,1.0,30.9658,0.0,0.0,3.0,600.0,600.0,1.0,1.0,1.0,17391.28992,0.0,17391.28992
W3_P2,54.0,1,1.0998,13.384,0.0,13.384,20.0,20.0,1.5,1.0,29.2158,0.0,0.0,3.0,600.0,600.0,1.0,1.0,1.0,17014.08992,0.0,17014.08992
W3_P2,54.0,2,0.7998,14.268,0.0,14.268,20.0,20.0,1.5,1.0,28.0318,0.0,0.0,3.0,600.0,600.0,1.0,1.0,1.0,16741.28832,0.0,16741.28832
W3_P2,54.0,3,0.99,15.72,0.0,15.72,20.0,20.0,1.5,1.0,26.77,0.0,0.0,3.0,600.0,600.0,1.0,1.0,1.0,16527.048,0.0,16527.048
W3_P2,54.0,4,1.1802,15.088,0.0,15.088,20.0,20.0,1.5,1.0,27.5922,0.0,0.0,3.0,600.0,600.0,1.0,1.0,1.0,16713.76928,0.0,16713.76928
W3_P2,54.0,5,1.6302,13.476,0.0,13.476,20.0,20.0,1.5,1.0,29.6542,0.0,0.0,3.0,600.0,600.0,1.0,1.0,1.0,17177.99808,0.0,17177.99808
W3_P2,54.0,6,2.5002,13.832,0.0,13.832,20.0,20.0,1.5,1.0,30.1682,0.0,0.0,3.0,600.0,600.0,1.0,1.0,1.0,17407.39168,0.0,17407.39168
W3_P2,54.0,7,3.3702,12.76,3.2,15.96,19.485398,19.485398,1.461405,0.97427,27.8424,0.0,0.0,2.92281,584.561928,584.561928,0.97427,0.97427,0.97427,24083.745967,0.0,24083.745967
W3_P2,54.0,8,4.0098,10.712,10.88,21.592,20.0,20.0,1.5,1.0,23.9178,0.0,0.0,3.0,600.0,600.0,1.0,1.0,1.0,22443.07172,0.0,22443.07172
W3_P2,54.0,9,4.2,11.916,17.92,29.836,12.354699,12.354699,0.926602,0.617735,0.0,-0.0,0.0,1.853205,370.640964,370.640964,0.617735,0.617735,0.617735,7028.327904,-0.0,7028.327904
W3_P2,54.0,10,4.1202,8.804,24.96,33.764,14.286169,14.286169,1.071463,0.714308,0.0,-0.0,0.0,2.142925,428.58506,428.58506,0.714308,0.714308,0.714308,7889.485094,-0.0,7889.485094
W3_P2,54.0,11,3.9,9.3,31.36,40.66,17.715663,17.715663,1.328675,0.885783,0.0,-0.0,0.0,2.657349,531.46988,531.46988,0.885783,0.885783,0.885783,9589.773012,-0.0,9589.773012
W3_P2,54.0,12,3.2598,9.012,35.84,44.852,20.0,20.0,1.5,1.0,0.0,0.0922,0.0,3.0,600.0,600.0,1.0,1.0,1.0,10655.6,34.84238,10620.75762
W3_P2,54.0,13,2.6898,10.704,37.12,47.824,20.0,20.0,1.5,1.0,0.0,3.6342,0.0,3.0,600.0,600.0,1.0,1.0,1.0,11063.0,1373.36418,9689.63582
W3_P2,54.0,14,3.63,10.604,32.0,42.604,18.782651,18.782651,1.408699,0.939133,0.0,-0.0,0.0,2.817398,563.479518,563.479518,0.939133,0.939133,0.939133,10129.080048,-0.0,10129.080048
W3_P2,54.0,15,3.8202,14.552,25.6,40.152,17.509301,17.509301,1.313198,0.875465,0.0,-0.0,0.0,2.626395,525.279036,525.279036,0.875465,0.875465,0.875465,9634.751696,-0.0,9634.751696
W3_P2,54.0,16,3.75,13.724,19.2,32.924,14.059759,14.059759,1.054482,0.702988,0.0,-0.0,0.0,2.108964,421.792771,421.792771,0.702988,0.702988,0.702988,7879.648723,-0.0,7879.648723
W3_P2,54.0,17,3.1398,12.348,9.6,21.948,9.064193,9.064193,0.679814,0.45321,0.0,-0.0,0.0,1.359629,271.925783,271.925783,0.45321,0.45321,0.45321,5271.607822,-0.0,5271.607822
W3_P2,54.0,18,2.61,12.152,3.2,15.352,6.140723,6.140723,0.460554,0.307036,0.0,-0.0,0.0,0.921108,184.221687,184.221687,0.307036,0.307036,0.307036,3742.901831,-0.0,3742.901831
W3_P2,54.0,19,2.1198,9.236,0.0,9.236,3.429494,3.429494,0.257212,0.171475,0.0,-0.0,0.0,0.514424,102.884819,102.884819,0.171475,0.171475,0.171475,2243.287918,-0.0,2243.287918
W3_P2,54.0,20,1.86,7.228,0.0,7.228,2.586988,2.586988,0.194024,0.129349,0.0,-0.0,0.0,0.388048,77.609639,77.609639,0.129349,0.129349,0.129349,1731.335036,-0.0,1731.335036
W3_P2,54.0,21,1.6302,6.252,0.0,6.252,2.227373,2.227373,0.167053,0.111369,0.0,-0.0,0.0,0.334106,66.821205,66.821205,0.111369,0.111369,0.111369,1494.97748,-0.0,1494.97748
W3_P2,54.0,22,1.56,6.452,0.0,6.452,2.35759,2.35759,0.176819,0.11788,0.0,-0.0,0.0,0.353639,70.727711,70.727711,0.11788,0.11788,0.11788,1557.551229,-0.0,1557.551229
W3_P2,54.0,23,1.4802,7.972,0.0,7.972,20.0,20.0,1.5,1.0,35.0082,0.0,0.0,3.0,600.0,600.0,1.0,1.0,1.0,18185.60768,0.0,18185.60768
W3_P2,45.0,0,1.3698,11.904,0.0,11.904,20.0,20.0,1.5,1.0,30.9658,0.0,0.0,3.0,600.0,600.0,1.0,1.0,1.0,17391.28992,0.0,17391.28992
W3_P2,45.0,1,1.0998,13.384,0.0,13.384,20.0,20.0,1.5,1.0,29.2158,0.0,0.0,3.0,600.0,600.0,1.0,1.0,1.0,17014.08992,0.0,17014.08992
W3_P2,45.0,2,0.7998,14.268,0.0,14.268,20.0,20.0,1.5,1.0,28.0318,0.0,0.0,3.0,600.0,600.0,1.0,1.0,1.0,16741.28832,0.0,16741.28832
W3_P2,45.0,3,0.99,15.72,0.0,15.72,20.0,20.0,1.5,1.0,26.77,0.0,0.0,3.0,600.0,600.0,1.0,1.0,1.0,16527.048,0.0,16527.048
W3_P2,45.0,4,1.1802,15.088,0.0,15.088,20.0,20.0,1.5,1.0,27.5922,0.0,0.0,3.0,600.0,600.0,1.0,1.0,1.0,16713.76928,0.0,16713.76928
W3_P2,45.0,5,1.6302,13.476,0.0,13.476,20.0,20.0,1.5,1.0,29.6542,0.0,0.0,3.0,600.0,600.0,1.0,1.0,1.0,17177.99808,0.0,17177.99808
W3_P2,45.0,6,2.5002,13.832,0.0,13.832,20.0,20.0,1.5,1.0,30.1682,0.0,0.0,3.0,600.0,600.0,1.0,1.0,1.0,17407.39168,0.0,17407.39168
W3_P2,45.0,7,3.3702,12.76,3.2,15.96,2.0,2.0,0.15,0.1,0.0,8.4398,0.0,0.3,60.0,60.0,0.1,0.1,0.1,2798.3,3189.40042,-391.10042
W3_P2,45.0,8,4.0098,10.712,10.88,21.592,8.473349,8.473349,0.635501,0.423667,0.0,0.0,0.0,1.271002,254.200482,254.200482,0.423667,0.423667,0.423667,5032.008352,0.0,5032.008352
W3_P2,45.0,9,4.2,11.916,17.92,29.836,12.354699,12.354699,0.926602,0.617735,0.0,0.0,0.0,1.853205,370.640964,370.640964,0.617735,0.617735,0.617735,7028.327904,0.0,7028.327904
W3_P2,45.0,10,4.1202,8.804,24.96,33.764,14.286169,14.286169,1.071463,0.714308,0.0,0.0,0.0,2.142925,428.58506,428.58506,0.714308,0.714308,0.714308,7889.485094,0.0,7889.485094
W3_P2,45.0,11,3.9,9.3,31.36,40.66,3.510361,3.510361,0.263277,0.175518,0.0,29.476,0.0,0.526554,105.310843,105.310843,0.175518,0.175518,0.175518,6036.316916,11138.9804,-5102.663484
W3_P2,45.0,12,3.2598,9.012,35.84,44.852,20.0,20.0,1.5,1.0,0.0,0.0922,0.0,3.0,600.0,600.0,1.0,1.0,1.0,10655.6,34.84238,10620.75762
W3_P2,45.0,13,2.6898,10.704,37.12,47.824,20.0,20.0,1.5,1.0,0.0,3.6342,0.0,3.0,600.0,600.0,1.0,1.0,1.0,11063.0,1373.36418,9689.63582
W3_P2,45.0,14,3.63,10.604,32.0,42.604,2.0,2.0,0.15,0.1,0.0,34.824,0.0,0.3,60.0,60.0,0.1,0.1,0.1,5930.9,13159.9896,-7229.0896
W3_P2,45.0,15,3.8202,14.552,25.6,40.152,17.509301,17.509301,1.313198,0.875465,0.0,0.0,0.0,2.626395,525.279036,525.279036,0.875465,0.875465,0.875465,9634.751696,0.0,9634.751696
W3_P2,45.0,16,3.75,13.724,19.2,32.924,14.059759,14.059759,1.054482,0.702988,0.0,0.0,0.0,2.108964,421.792771,421.792771,0.702988,0.702988,0.702988,7879.648723,0.0,7879.648723
W3_P2,45.0,17,3.1398,12.348,9.6,21.948,9.064193,9.064193,0.679814,0.45321,0.0,0.0,0.0,1.359629,271.925783,271.925783,0.45321,0.45321,0.45321,5271.607822,0.0,5271.607822
W3_P2,45.0,18,2.61,12.152,3.2,15.352,6.140723,6.140723,0.460554,0.307036,0.0,0.0,0.0,0.921108,184.221687,184.221687,0.307036,0.307036,0.307036,3742.901831,0.0,3742.901831
W3_P2,45.0,19,2.1198,9.236,0.0,9.236,3.429494,3.429494,0.257212,0.171475,0.0,0.0,0.0,0.514424,102.884819,102.884819,0.171475,0.171475,0.171475,2243.287918,0.0,2243.287918
W3_P2,45.0,20,1.86,7.228,0.0,7.228,2.586988,2.586988,0.194024,0.129349,0.0,0.0,0.0,0.388048,77.609639,77.609639,0.129349,0.129349,0.129349,1731.335036,0.0,1731.335036
W3_P2,45.0,21,1.6302,6.252,0.0,6.252,2.227373,2.227373,0.167053,0.111369,0.0,0.0,0.0,0.334106,66.821205,66.821205,0.111369,0.111369,0.111369,1494.97748,0.0,1494.97748
W3_P2,45.0,22,1.56,6.452,0.0,6.452,2.35759,2.35759,0.176819,0.11788,0.0,0.0,0.0,0.353639,70.727711,70.727711,0.11788,0.11788,0.11788,1557.551229,0.0,1557.551229
W3_P2,45.0,23,1.4802,7.972,0.0,7.972,20.0,20.0,1.5,1.0,35.0082,0.0,0.0,3.0,600.0,600.0,1.0,1.0,1.0,18185.60768,0.0,18185.60768
W3_P2,36.0,0,1.3698,11.904,0.0,11.904,20.0,20.0,1.5,1.0,30.9658,0.0,0.0,3.0,600.0,600.0,1.0,1.0,1.0,17391.28992,0.0,17391.28992
W3_P2,36.0,1,1.0998,13.384,0.0,13.384,20.0,20.0,1.5,1.0,29.2158,-0.0,0.0,3.0,600.0,600.0,1.0,1.0,1.0,17014.08992,-0.0,17014.08992
W3_P2,36.0,2,0.7998,14.268,0.0,14.268,20.0,20.0,1.5,1.0,28.0318,0.0,0.0,3.0,600.0,600.0,1.0,1.0,1.0,16741.28832,0.0,16741.28832
W3_P2,36.0,3,0.99,15.72,0.0,15.72,20.0,20.0,1.5,1.0,26.77,0.0,0.0,3.0,600.0,600.0,1.0,1.0,1.0,16527.048,0.0,16527.048
W3_P2,36.0,4,1.1802,15.088,0.0,15.088,20.0,20.0,1.5,1.0,27.5922,-0.0,0.0,3.0,600.0,600.0,1.0,1.0,1.0,16713.76928,-0.0,16713.76928
W3_P2,36.0,5,1.6302,13.476,0.0,13.476,20.0,20.0,1.5,1.0,29.6542,-0.0,0.0,3.0,600.0,600.0,1.0,1.0,1.0,17177.99808,-0.0,17177.99808
W3_P2,36.0,6,2.5002,13.832,0.0,13.832,20.0,20.0,1.5,1.0,30.1682,-0.0,0.0,3.0,600.0,600.0,1.0,1.0,1.0,17407.39168,-0.0,17407.39168
W3_P2,36.0,7,3.3702,12.76,3.2,15.96,2.0,2.0,0.15,0.1,0.0,8.4398,0.0,0.3,60.0,60.0,0.1,0.1,0.1,2798.3,3189.40042,-391.10042
W3_P2,36.0,8,4.0098,10.712,10.88,21.592,2.0,2.0,0.15,0.1,0.0,13.4322,0.0,0.3,60.0,60.0,0.1,0.1,0.1,3412.7,5076.02838,-1663.32838
W3_P2,36.0,9,4.2,11.916,17.92,29.836,12.354699,12.354699,0.926602,0.617735,0.0,0.0,0.0,1.853205,370.640964,370.640964,0.617735,0.617735,0.617735,7028.327904,0.0,7028.327904
W3_P2,36.0,10,4.1202,8.804,24.96,33.764,2.0,2.0,0.15,0.1,0.0,25.4938,0.0,0.3,60.0,60.0,0.1,0.1,0.1,4816.1,9634.10702,-4818.00702
W3_P2,36.0,11,3.9,9.3,31.36,40.66,2.0,2.0,0.15,0.1,0.0,32.61,0.0,0.3,60.0,60.0,0.1,0.1,0.1,5658.5,12323.319,-6664.819
W3_P2,36.0,12,3.2598,9.012,35.84,44.852,20.0,20.0,1.5,1.0,0.0,0.0922,0.0,3.0,600.0,600.0,1.0,1.0,1.0,10655.6,34.84238,10620.75762
W3_P2,36.0,13,2.6898,10.704,37.12,47.824,14.581108,14.581108,1.093583,0.729055,0.0,14.8784,0.0,2.187166,437.433253,437.433253,0.729055,0.729055,0.729055,9707.464275,5622.54736,4084.916915
W3_P2,36.0,14,3.63,10.604,32.0,42.604,2.0,2.0,0.15,0.1,0.0,34.824,0.0,0.3,60.0,60.0,0.1,0.1,0.1,5930.9,13159.9896,-7229.0896
W3_P2,36.0,15,3.8202,14.552,25.6,40.152,2.0,2.0,0.15,0.1,0.0,32.1818,0.0,0.3,60.0,60.0,0.1,0.1,0.1,5755.1,12161.50222,-6406.40222
W3_P2,36.0,16,3.75,13.724,19.2,32.924,2.0,2.0,0.15,0.1,0.0,25.024,0.0,0.3,60.0,60.0,0.1,0.1,0.1,4862.9,9456.5696,-4593.6696
W3_P2,36.0,17,3.1398,12.348,9.6,21.948,9.064193,9.064193,0.679814,0.45321,0.0,0.0,0.0,1.359629,271.925783,271.925783,0.45321,0.45321,0.45321,5271.607822,0.0,5271.607822
W3_P2,36.0,18,2.61,12.152,3.2,15.352,2.0,2.0,0.15,0.1,0.0,8.592,0.0,0.3,60.0,60.0,0.1,0.1,0.1,2707.1,3246.9168,-539.8168
W3_P2,36.0,19,2.1198,9.236,0.0,9.236,2.0,2.0,0.15,0.1,0.0,2.9662,0.0,0.3,60.0,60.0,0.1,0.1,0.1,1885.7,1120.92698,764.77302
W3_P2,36.0,20,1.86,7.228,0.0,7.228,2.0,2.0,0.15,0.1,0.0,1.218,0.0,0.3,60.0,60.0,0.1,0.1,0.1,1584.5,460.2822,1124.2178
W3_P2,36.0,21,1.6302,6.252,0.0,6.252,2.0,2.0,0.15,0.1,0.0,0.4718,0.0,0.3,60.0,60.0,0.1,0.1,0.1,1438.1,178.29322,1259.80678
W3_P2,36.0,22,1.56,6.452,0.0,6.452,2.0,2.0,0.15,0.1,0.0,0.742,0.0,0.3,60.0,60.0,0.1,0.1,0.1,1468.1,280.4018,1187.6982
W3_P2,36.0,23,1.4802,7.972,0.0,7.972,20.0,20.0,1.5,1.0,35.0082,-0.0,0.0,3.0,600.0,600.0,1.0,1.0,1.0,18185.60768,-0.0,18185.60768
W3_P3,72.0,0,1.3698,11.904,0.0,11.904,20.0,20.0,1.5,1.0,30.9658,0.0,0.0,3.0,600.0,600.0,1.0,1.0,1.0,17391.28992,0.0,17391.28992
W3_P3,72.0,1,1.0998,13.384,0.0,13.384,20.0,20.0,1.5,1.0,29.2158,0.0,0.0,3.0,600.0,600.0,1.0,1.0,1.0,17014.08992,0.0,17014.08992
W3_P3,72.0,2,0.7998,14.268,0.0,14.268,20.0,20.0,1.5,1.0,28.0318,0.0,0.0,3.0,600.0,600.0,1.0,1.0,1.0,16741.28832,0.0,16741.28832
W3_P3,72.0,3,0.99,15.72,0.0,15.72,20.0,20.0,1.5,1.0,26.77,0.0,0.0,3.0,600.0,600.0,1.0,1.0,1.0,16527.048,0.0,16527.048
W3_P3,72.0,4,1.1802,15.088,0.0,15.088,20.0,20.0,1.5,1.0,27.5922,0.0,0.0,3.0,600.0,600.0,1.0,1.0,1.0,16713.76928,0.0,16713.76928
W3_P3,72.0,5,1.6302,13.476,0.0,13.476,20.0,20.0,1.5,1.0,29.6542,0.0,0.0,3.0,600.0,600.0,1.0,1.0,1.0,17177.99808,0.0,17177.99808
W3_P3,72.0,6,2.5002,13.832,0.0,13.832,20.0,20.0,1.5,1.0,30.1682,0.0,0.0,3.0,600.0,600.0,1.0,1.0,1.0,17407.39168,0.0,17407.39168
W3_P3,72.0,7,3.3702,12.76,1.28,14.04,20.0,20.0,1.5,1.0,30.8302,0.0,0.0,3.0,600.0,600.0,1.0,1.0,1.0,25796.86348,0.0,25796.86348
W3_P3,72.0,8,4.0098,10.712,3.2,13.912,20.0,20.0,1.5,1.0,31.5978,0.0,0.0,3.0,600.0,600.0,1.0,1.0,1.0,26186.30372,0.0,26186.30372
W3_P3,72.0,9,4.2,11.916,5.12,17.036,20.0,20.0,1.5,1.0,28.664,0.0,0.0,3.0,600.0,600.0,1.0,1.0,1.0,24815.3136,0.0,24815.3136
W3_P3,72.0,10,4.1202,8.804,7.68,16.484,20.0,20.0,1.5,1.0,29.1362,0.0,0.0,3.0,600.0,600.0,1.0,1.0,1.0,30624.08688,0.0,30624.08688
W3_P3,72.0,11,3.9,9.3,11.52,20.82,20.0,20.0,1.5,1.0,24.58,0.0,0.0,3.0,600.0,600.0,1.0,1.0,1.0,27503.392,0.0,27503.392
W3_P3,72.0,12,3.2598,9.012,14.08,23.092,20.0,20.0,1.5,1.0,21.6678,0.0,0.0,3.0,600.0,600.0,1.0,1.0,1.0,25430.64272,0.0,25430.64272
W3_P3,72.0,13,2.6898,10.704,14.08,24.784,20.0,20.0,1.5,1.0,19.4058,0.0,0.0,3.0,600.0,600.0,1.0,1.0,1.0,23869.41392,0.0,23869.41392
W3_P3,72.0,14,3.63,10.604,11.52,22.124,20.0,20.0,1.5,1.0,23.006,0.0,0.0,3.0,600.0,600.0,1.0,1.0,1.0,26436.0144,0.0,26436.0144
W3_P3,72.0,15,3.8202,14.552,7.04,21.592,20.0,20.0,1.5,1.0,23.7282,0.0,0.0,3.0,600.0,600.0,1.0,1.0,1.0,22443.10868,0.0,22443.10868
W3_P3,72.0,16,3.75,13.724,5.12,18.844,20.0,20.0,1.5,1.0,26.406,0.0,0.0,3.0,600.0,600.0,1.0,1.0,1.0,23715.0044,0.0,23715.0044
W3_P3,72.0,17,3.1398,12.348,3.2,15.548,20.0,20.0,1.5,1.0,29.0918,0.0,0.0,3.0,600.0,600.0,1.0,1.0,1.0,24909.55932,0.0,24909.55932
W3_P3,72.0,18,2.61,12.152,1.28,13.432,20.0,20.0,1.5,1.0,30.678,0.0,0.0,3.0,600.0,600.0,1.0,1.0,1.0,31595.4272,0.0,31595.4272
W3_P3,72.0,19,2.1198,9.236,0.0,9.236,20.0,20.0,1.5,1.0,34.3838,0.0,0.0,3.0,600.0,600.0,1.0,1.0,1.0,33977.96112,0.0,33977.96112
W3_P3,72.0,20,1.86,7.228,0.0,7.228,20.0,20.0,1.5,1.0,36.132,0.0,0.0,3.0,600.0,600.0,1.0,1.0,1.0,35079.5168,0.0,35079.5168
W3_P3,72.0,21,1.6302,6.252,0.0,6.252,20.0,20.0,1.5,1.0,36.8782,0.0,0.0,3.0,600.0,600.0,1.0,1.0,1.0,28340.61868,0.0,28340.61868
W3_P3,72.0,22,1.56,6.452,0.0,6.452,20.0,20.0,1.5,1.0,36.608,0.0,0.0,3.0,600.0,600.0,1.0,1.0,1.0,28206.4992,0.0,28206.4992
W3_P3,72.0,23,1.4802,7.972,0.0,7.972,20.0,20.0,1.5,1.0,35.0082,0.0,0.0,3.0,600.0,600.0,1.0,1.0,1.0,18185.60768,0.0,18185.60768
W3_P3,63.0,0,1.3698,11.904,0.0,11.904,20.0,20.0,1.5,1.0,30.9658,0.0,0.0,3.0,600.0,600.0,1.0,1.0,1.0,17391.28992,0.0,17391.28992
W3_P3,63.0,1,1.0998,13.384,0.0,13.384,20.0,20.0,1.5,1.0,29.2158,0.0,0.0,3.0,600.0,600.0,1.0,1.0,1.0,17014.08992,0.0,17014.08992
W3_P3,63.0,2,0.7998,14.268,0.0,14.268,20.0,20.0,1.5,1.0,28.0318,0.0,0.0,3.0,600.0,600.0,1.0,1.0,1.0,16741.28832,0.0,16741.28832
W3_P3,63.0,3,0.99,15.72,0.0,15.72,20.0,20.0,1.5,1.0,26.77,0.0,0.0,3.0,600.0,600.0,1.0,1.0,1.0,16527.048,0.0,16527.048
W3_P3,63.0,4,1.1802,15.088,0.0,15.088,20.0,20.0,1.5,1.0,27.5922,0.0,0.0,3.0,600.0,600.0,1.0,1.0,1.0,16713.76928,0.0,16713.76928
W3_P3,63.0,5,1.6302,13.476,0.0,13.476,20.0,20.0,1.5,1.0,29.6542,0.0,0.0,3.0,600.0,600.0,1.0,1.0,1.0,17177.99808,0.0,17177.99808
W3_P3,63.0,6,2.5002,13.832,0.0,13.832,20.0,20.0,1.5,1.0,30.1682,0.0,0.0,3.0,600.0,600.0,1.0,1.0,1.0,17407.39168,0.0,17407.39168
W3_P3,63.0,7,3.3702,12.76,1.28,14.04,20.0,20.0,1.5,1.0,30.8302,0.0,0.0,3.0,600.0,600.0,1.0,1.0,1.0,25796.86348,0.0,25796.86348
W3_P3,63.0,8,4.0098,10.712,3.2,13.912,20.0,20.0,1.5,1.0,31.5978,0.0,0.0,3.0,600.0,600.0,1.0,1.0,1.0,26186.30372,0.0,26186.30372
W3_P3,63.0,9,4.2,11.916,5.12,17.036,20.0,20.0,1.5,1.0,28.664,0.0,0.0,3.0,600.0,600.0,1.0,1.0,1.0,24815.3136,0.0,24815.3136
W3_P3,63.0,10,4.1202,8.804,7.68,16.484,18.120289,18.120289,1.359022,0.906014,25.2358,0.0,0.0,2.718043,543.608675,543.608675,0.906014,0.906014,0.906014,27024.196253,0.0,27024.196253
W3_P3,63.0,11,3.9,9.3,11.52,20.82,20.0,20.0,1.5,1.0,24.58,0.0,0.0,3.0,600.0,600.0,1.0,1.0,1.0,27503.392,0.0,27503.392
W3_P3,63.0,12,3.2598,9.012,14.08,23.092,20.0,20.0,1.5,1.0,21.6678,0.0,0.0,3.0,600.0,600.0,1.0,1.0,1.0,25430.64272,0.0,25430.64272
W3_P3,63.0,13,2.6898,10.704,14.08,24.784,10.647807,10.647807,0.798586,0.53239,0.0,-0.0,0.0,1.597171,319.434217,319.434217,0.53239,0.53239,0.53239,5958.748978,-0.0,5958.748978
W3_P3,63.0,14,3.63,10.604,11.52,22.124,20.0,20.0,1.5,1.0,23.006,0.0,0.0,3.0,600.0,600.0,1.0,1.0,1.0,26436.0144,0.0,26436.0144
W3_P3,63.0,15,3.8202,14.552,7.04,21.592,20.0,20.0,1.5,1.0,23.7282,0.0,0.0,3.0,600.0,600.0,1.0,1.0,1.0,22443.10868,0.0,22443.10868
W3_P3,63.0,16,3.75,13.724,5.12,18.844,20.0,20.0,1.5,1.0,26.406,0.0,0.0,3.0,600.0,600.0,1.0,1.0,1.0,23715.0044,0.0,23715.0044
W3_P3,63.0,17,3.1398,12.348,3.2,15.548,20.0,20.0,1.5,1.0,29.0918,0.0,0.0,3.0,600.0,600.0,1.0,1.0,1.0,24909.55932,0.0,24909.55932
W3_P3,63.0,18,2.61,12.152,1.28,13.432,5.215422,5.215422,0.391157,0.260771,0.0,-0.0,0.0,0.782313,156.462651,156.462651,0.260771,0.260771,0.260771,3281.037735,-0.0,3281.037735
W3_P3,63.0,19,2.1198,9.236,0.0,9.236,3.429494,3.429494,0.257212,0.171475,0.0,-0.0,0.0,0.514424,102.884819,102.884819,0.171475,0.171475,0.171475,2243.287918,-0.0,2243.287918
W3_P3,63.0,20,1.86,7.228,0.0,7.228,2.586988,2.586988,0.194024,0.129349,0.0,-0.0,0.0,0.388048,77.609639,77.609639,0.129349,0.129349,0.129349,1731.335036,-0.0,1731.335036
W3_P3,63.0,21,1.6302,6.252,0.0,6.252,20.0,20.0,1.5,1.0,36.8782,0.0,0.0,3.0,600.0,600.0,1.0,1.0,1.0,28340.61868,0.0,28340.61868
W3_P3,63.0,22,1.56,6.452,0.0,6.452,20.0,20.0,1.5,1.0,36.608,0.0,0.0,3.0,600.0,600.0,1.0,1.0,1.0,28206.4992,0.0,28206.4992
W3_P3,63.0,23,1.4802,7.972,0.0,7.972,20.0,20.0,1.5,1.0,35.0082,0.0,0.0,3.0,600.0,600.0,1.0,1.0,1.0,18185.60768,0.0,18185.60768
W3_P3,54.0,0,1.3698,11.904,0.0,11.904,20.0,20.0,1.5,1.0,30.9658,0.0,0.0,3.0,600.0,600.0,1.0,1.0,1.0,17391.28992,0.0,17391.28992
W3_P3,54.0,1,1.0998,13.384,0.0,13.384,20.0,20.0,1.5,1.0,29.2158,0.0,0.0,3.0,600.0,600.0,1.0,1.0,1.0,17014.08992,0.0,17014.08992
W3_P3,54.0,2,0.7998,14.268,0.0,14.268,20.0,20.0,1.5,1.0,28.0318,0.0,0.0,3.0,600.0,600.0,1.0,1.0,1.0,16741.28832,0.0,16741.28832
W3_P3,54.0,3,0.99,15.72,0.0,15.72,20.0,20.0,1.5,1.0,26.77,0.0,0.0,3.0,600.0,600.0,1.0,1.0,1.0,16527.048,0.0,16527.048
W3_P3,54.0,4,1.1802,15.088,0.0,15.088,20.0,20.0,1.5,1.0,27.5922,0.0,0.0,3.0,600.0,600.0,1.0,1.0,1.0,16713.76928,0.0,16713.76928
W3_P3,54.0,5,1.6302,13.476,0.0,13.476,20.0,20.0,1.5,1.0,29.6542,0.0,0.0,3.0,600.0,600.0,1.0,1.0,1.0,17177.99808,0.0,17177.99808
W3_P3,54.0,6,2.5002,13.832,0.0,13.832,20.0,20.0,1.5,1.0,30.1682,0.0,0.0,3.0,600.0,600.0,1.0,1.0,1.0,17407.39168,0.0,17407.39168
W3_P3,54.0,7,3.3702,12.76,1.28,14.04,16.972434,16.972434,1.272933,0.848622,24.548,0.0,0.0,2.545865,509.173012,509.173012,0.848622,0.848622,0.848622,21223.709499,0.0,21223.709499
W3_P3,54.0,8,4.0098,10.712,3.2,13.912,20.0,20.0,1.5,1.0,31.5978,0.0,0.0,3.0,600.0,600.0,1.0,1.0,1.0,26186.30372,0.0,26186.30372
W3_P3,54.0,9,4.2,11.916,5.12,17.036,20.0,20.0,1.5,1.0,28.664,0.0,0.0,3.0,600.0,600.0,1.0,1.0,1.0,24815.3136,0.0,24815.3136
W3_P3,54.0,10,4.1202,8.804,7.68,16.484,5.958458,5.958458,0.446884,0.297923,0.0,-0.0,0.0,0.893769,178.753735,178.753735,0.297923,0.297923,0.297923,3732.708227,-0.0,3732.708227
W3_P3,54.0,11,3.9,9.3,11.52,20.82,8.154217,8.154217,0.611566,0.407711,0.0,-0.0,0.0,1.223133,244.626506,244.626506,0.407711,0.407711,0.407711,4817.177349,-0.0,4817.177349
W3_P3,54.0,12,3.2598,9.012,14.08,23.092,9.557687,9.557687,0.716827,0.477884,0.0,-0.0,0.0,1.433653,286.730602,286.730602,0.477884,0.477884,0.477884,5432.25534,-0.0,5432.25534
W3_P3,54.0,13,2.6898,10.704,14.08,24.784,10.647807,10.647807,0.798586,0.53239,0.0,-0.0,0.0,1.597171,319.434217,319.434217,0.53239,0.53239,0.53239,5958.748978,-0.0,5958.748978
W3_P3,54.0,14,3.63,10.604,11.52,22.124,8.912771,8.912771,0.668458,0.445639,0.0,-0.0,0.0,1.336916,267.383133,267.383133,0.445639,0.445639,0.445639,5202.529687,-0.0,5202.529687
W3_P3,54.0,15,3.8202,14.552,7.04,21.592,8.564723,8.564723,0.642354,0.428236,0.0,-0.0,0.0,1.284708,256.941687,256.941687,0.428236,0.428236,0.428236,5170.065431,-0.0,5170.065431
W3_P3,54.0,16,3.75,13.724,5.12,18.844,20.0,20.0,1.5,1.0,26.406,0.0,0.0,3.0,600.0,600.0,1.0,1.0,1.0,23715.0044,0.0,23715.0044
W3_P3,54.0,17,3.1398,12.348,3.2,15.548,20.0,20.0,1.5,1.0,29.0918,0.0,0.0,3.0,600.0,600.0,1.0,1.0,1.0,24909.55932,0.0,24909.55932
W3_P3,54.0,18,2.61,12.152,1.28,13.432,5.215422,5.215422,0.391157,0.260771,0.0,-0.0,0.0,0.782313,156.462651,156.462651,0.260771,0.260771,0.260771,3281.037735,-0.0,3281.037735
W3_P3,54.0,19,2.1198,9.236,0.0,9.236,3.429494,3.429494,0.257212,0.171475,0.0,-0.0,0.0,0.514424,102.884819,102.884819,0.171475,0.171475,0.171475,2243.287918,-0.0,2243.287918
W3_P3,54.0,20,1.86,7.228,0.0,7.228,2.586988,2.586988,0.194024,0.129349,0.0,-0.0,0.0,0.388048,77.609639,77.609639,0.129349,0.129349,0.129349,1731.335036,-0.0,1731.335036
W3_P3,54.0,21,1.6302,6.252,0.0,6.252,20.0,20.0,1.5,1.0,36.8782,0.0,0.0,3.0,600.0,600.0,1.0,1.0,1.0,28340.61868,0.0,28340.61868
W3_P3,54.0,22,1.56,6.452,0.0,6.452,20.0,20.0,1.5,1.0,36.608,0.0,0.0,3.0,600.0,600.0,1.0,1.0,1.0,28206.4992,0.0,28206.4992
W3_P3,54.0,23,1.4802,7.972,0.0,7.972,20.0,20.0,1.5,1.0,35.0082,0.0,0.0,3.0,600.0,600.0,1.0,1.0,1.0,18185.60768,0.0,18185.60768
W3_P3,45.0,0,1.3698,11.904,0.0,11.904,20.0,20.0,1.5,1.0,30.9658,0.0,0.0,3.0,600.0,600.0,1.0,1.0,1.0,17391.28992,0.0,17391.28992
W3_P3,45.0,1,1.0998,13.384,0.0,13.384,20.0,20.0,1.5,1.0,29.2158,0.0,0.0,3.0,600.0,600.0,1.0,1.0,1.0,17014.08992,0.0,17014.08992
W3_P3,45.0,2,0.7998,14.268,0.0,14.268,20.0,20.0,1.5,1.0,28.0318,0.0,0.0,3.0,600.0,600.0,1.0,1.0,1.0,16741.28832,0.0,16741.28832
W3_P3,45.0,3,0.99,15.72,0.0,15.72,20.0,20.0,1.5,1.0,26.77,0.0,0.0,3.0,600.0,600.0,1.0,1.0,1.0,16527.048,0.0,16527.048
W3_P3,45.0,4,1.1802,15.088,0.0,15.088,20.0,20.0,1.5,1.0,27.5922,0.0,0.0,3.0,600.0,600.0,1.0,1.0,1.0,16713.76928,0.0,16713.76928
W3_P3,45.0,5,1.6302,13.476,0.0,13.476,20.0,20.0,1.5,1.0,29.6542,0.0,0.0,3.0,600.0,600.0,1.0,1.0,1.0,17177.99808,0.0,17177.99808
W3_P3,45.0,6,2.5002,13.832,0.0,13.832,20.0,20.0,1.5,1.0,30.1682,0.0,0.0,3.0,600.0,600.0,1.0,1.0,1.0,17407.39168,0.0,17407.39168
W3_P3,45.0,7,3.3702,12.76,1.28,14.04,5.142072,5.142072,0.385655,0.257104,0.0,-0.0,0.0,0.771311,154.262169,154.262169,0.257104,0.257104,0.257104,3353.889383,-0.0,3353.889383
W3_P3,45.0,8,4.0098,10.712,3.2,13.912,4.772145,4.772145,0.357911,0.238607,0.0,-0.0,0.0,0.715822,143.164337,143.164337,0.238607,0.238607,0.238607,3184.551966,-0.0,3184.551966
W3_P3,45.0,9,4.2,11.916,5.12,17.036,17.556627,17.556627,1.316747,0.877831,23.594,0.0,0.0,2.633494,526.698795,526.698795,0.877831,0.877831,0.877831,21124.58572,0.0,21124.58572
W3_P3,45.0,10,4.1202,8.804,7.68,16.484,5.958458,5.958458,0.446884,0.297923,0.0,-0.0,0.0,0.893769,178.753735,178.753735,0.297923,0.297923,0.297923,3732.708227,-0.0,3732.708227
W3_P3,45.0,11,3.9,9.3,11.52,20.82,8.154217,8.154217,0.611566,0.407711,0.0,-0.0,0.0,1.223133,244.626506,244.626506,0.407711,0.407711,0.407711,4817.177349,-0.0,4817.177349
W3_P3,45.0,12,3.2598,9.012,14.08,23.092,9.557687,9.557687,0.716827,0.477884,0.0,-0.0,0.0,1.433653,286.730602,286.730602,0.477884,0.477884,0.477884,5432.25534,-0.0,5432.25534
W3_P3,45.0,13,2.6898,10.704,14.08,24.784,10.647807,10.647807,0.798586,0.53239,0.0,-0.0,0.0,1.597171,319.434217,319.434217,0.53239,0.53239,0.53239,5958.748978,-0.0,5958.748978
W3_P3,45.0,14,3.63,10.604,11.52,22.124,8.912771,8.912771,0.668458,0.445639,0.0,-0.0,0.0,1.336916,267.383133,267.383133,0.445639,0.445639,0.445639,5202.529687,-0.0,5202.529687
W3_P3,45.0,15,3.8202,14.552,7.04,21.592,8.564723,8.564723,0.642354,0.428236,0.0,-0.0,0.0,1.284708,256.941687,256.941687,0.428236,0.428236,0.428236,5170.065431,-0.0,5170.065431
W3_P3,45.0,16,3.75,13.724,5.12,18.844,7.274217,7.274217,0.545566,0.363711,0.0,-0.0,0.0,1.091133,218.226506,218.226506,0.363711,0.363711,0.363711,4492.645349,-0.0,4492.645349
W3_P3,45.0,17,3.1398,12.348,3.2,15.548,20.0,20.0,1.5,1.0,29.0918,0.0,0.0,3.0,600.0,600.0,1.0,1.0,1.0,24909.55932,0.0,24909.55932
W3_P3,45.0,18,2.61,12.152,1.28,13.432,5.215422,5.215422,0.391157,0.260771,0.0,-0.0,0.0,0.782313,156.462651,156.462651,0.260771,0.260771,0.260771,3281.037735,-0.0,3281.037735
W3_P3,45.0,19,2.1198,9.236,0.0,9.236,3.429494,3.429494,0.257212,0.171475,0.0,-0.0,0.0,0.514424,102.884819,102.884819,0.171475,0.171475,0.171475,2243.287918,-0.0,2243.287918
W3_P3,45.0,20,1.86,7.228,0.0,7.228,2.586988,2.586988,0.194024,0.129349,0.0,-0.0,0.0,0.388048,77.609639,77.609639,0.129349,0.129349,0.129349,1731.335036,-0.0,1731.335036
W3_P3,45.0,21,1.6302,6.252,0.0,6.252,2.227373,2.227373,0.167053,0.111369,0.0,-0.0,0.0,0.334106,66.821205,66.821205,0.111369,0.111369,0.111369,1494.97748,-0.0,1494.97748
W3_P3,45.0,22,1.56,6.452,0.0,6.452,20.0,20.0,1.5,1.0,36.608,0.0,0.0,3.0,600.0,600.0,1.0,1.0,1.0,28206.4992,0.0,28206.4992
W3_P3,45.0,23,1.4802,7.972,0.0,7.972,20.0,20.0,1.5,1.0,35.0082,0.0,0.0,3.0,600.0,600.0,1.0,1.0,1.0,18185.60768,0.0,18185.60768
W3_P3,36.0,0,1.3698,11.904,0.0,11.904,20.0,20.0,1.5,1.0,30.9658,0.0,0.0,3.0,600.0,600.0,1.0,1.0,1.0,17391.28992,0.0,17391.28992
W3_P3,36.0,1,1.0998,13.384,0.0,13.384,20.0,20.0,1.5,1.0,29.2158,0.0,0.0,3.0,600.0,600.0,1.0,1.0,1.0,17014.08992,0.0,17014.08992
W3_P3,36.0,2,0.7998,14.268,0.0,14.268,20.0,20.0,1.5,1.0,28.0318,0.0,0.0,3.0,600.0,600.0,1.0,1.0,1.0,16741.28832,0.0,16741.28832
W3_P3,36.0,3,0.99,15.72,0.0,15.72,20.0,20.0,1.5,1.0,26.77,0.0,0.0,3.0,600.0,600.0,1.0,1.0,1.0,16527.048,0.0,16527.048
W3_P3,36.0,4,1.1802,15.088,0.0,15.088,20.0,20.0,1.5,1.0,27.5922,0.0,0.0,3.0,600.0,600.0,1.0,1.0,1.0,16713.76928,0.0,16713.76928
W3_P3,36.0,5,1.6302,13.476,0.0,13.476,20.0,20.0,1.5,1.0,29.6542,0.0,0.0,3.0,600.0,600.0,1.0,1.0,1.0,17177.99808,0.0,17177.99808
W3_P3,36.0,6,2.5002,13.832,0.0,13.832,20.0,20.0,1.5,1.0,30.1682,0.0,0.0,3.0,600.0,600.0,1.0,1.0,1.0,17407.39168,0.0,17407.39168
W3_P3,36.0,7,3.3702,12.76,1.28,14.04,5.142072,5.142072,0.385655,0.257104,0.0,0.0,0.0,0.771311,154.262169,154.262169,0.257104,0.257104,0.257104,3353.889383,0.0,3353.889383
W3_P3,36.0,8,4.0098,10.712,3.2,13.912,4.772145,4.772145,0.357911,0.238607,0.0,0.0,0.0,0.715822,143.164337,143.164337,0.238607,0.238607,0.238607,3184.551966,0.0,3184.551966
W3_P3,36.0,9,4.2,11.916,5.12,17.036,6.186024,6.186024,0.463952,0.309301,0.0,0.0,0.0,0.927904,185.580723,185.580723,0.309301,0.309301,0.309301,3949.233928,0.0,3949.233928
W3_P3,36.0,10,4.1202,8.804,7.68,16.484,2.0,2.0,0.15,0.1,0.0,8.2138,0.0,0.3,60.0,60.0,0.1,0.1,0.1,2742.5,3103.99502,-361.49502
W3_P3,36.0,11,3.9,9.3,11.52,20.82,8.154217,8.154217,0.611566,0.407711,0.0,0.0,0.0,1.223133,244.626506,244.626506,0.407711,0.407711,0.407711,4817.177349,0.0,4817.177349
W3_P3,36.0,12,3.2598,9.012,14.08,23.092,2.0,2.0,0.15,0.1,0.0,15.6822,0.0,0.3,60.0,60.0,0.1,0.1,0.1,3541.7,5926.30338,-2384.60338
W3_P3,36.0,13,2.6898,10.704,14.08,24.784,10.647807,10.647807,0.798586,0.53239,0.0,0.0,0.0,1.597171,319.434217,319.434217,0.53239,0.53239,0.53239,5958.748978,0.0,5958.748978
W3_P3,36.0,14,3.63,10.604,11.52,22.124,8.912771,8.912771,0.668458,0.445639,0.0,0.0,0.0,1.336916,267.383133,267.383133,0.445639,0.445639,0.445639,5202.529687,0.0,5202.529687
W3_P3,36.0,15,3.8202,14.552,7.04,21.592,8.564723,8.564723,0.642354,0.428236,0.0,0.0,0.0,1.284708,256.941687,256.941687,0.428236,0.428236,0.428236,5170.065431,0.0,5170.065431
W3_P3,36.0,16,3.75,13.724,5.12,18.844,7.274217,7.274217,0.545566,0.363711,0.0,0.0,0.0,1.091133,218.226506,218.226506,0.363711,0.363711,0.363711,4492.645349,0.0,4492.645349
W3_P3,36.0,17,3.1398,12.348,3.2,15.548,5.979855,5.979855,0.448489,0.298993,0.0,0.0,0.0,0.896978,179.395663,179.395663,0.298993,0.298993,0.298993,3732.060834,0.0,3732.060834
W3_P3,36.0,18,2.61,12.152,1.28,13.432,2.0,2.0,0.15,0.1,0.0,6.672,0.0,0.3,60.0,60.0,0.1,0.1,0.1,2476.7,2521.3488,-44.6488
W3_P3,36.0,19,2.1198,9.236,0.0,9.236,2.0,2.0,0.15,0.1,0.0,2.9662,0.0,0.3,60.0,60.0,0.1,0.1,0.1,1885.7,1120.92698,764.77302
W3_P3,36.0,20,1.86,7.228,0.0,7.228,2.008578,2.008578,0.150643,0.100429,0.0,1.2002,0.0,0.301287,60.257349,60.257349,0.100429,0.100429,0.100429,1586.645865,453.55558,1133.090285
W3_P3,36.0,21,1.6302,6.252,0.0,6.252,2.0,2.0,0.15,0.1,0.0,0.4718,0.0,0.3,60.0,60.0,0.1,0.1,0.1,1438.1,178.29322,1259.80678
W3_P3,36.0,22,1.56,6.452,0.0,6.452,2.35759,2.35759,0.176819,0.11788,0.0,0.0,0.0,0.353639,70.727711,70.727711,0.11788,0.11788,0.11788,1557.551229,0.0,1557.551229
W3_P3,36.0,23,1.4802,7.972,0.0,7.972,20.0,20.0,1.5,1.0,35.0082,0.0,0.0,3.0,600.0,600.0,1.0,1.0,1.0,18185.60768,0.0,18185.60768
W3_P4,72.0,0,1.3698,11.904,0.0,11.904,20.0,20.0,1.5,1.0,30.9658,0.0,0.0,3.0,600.0,600.0,1.0,1.0,1.0,17391.28992,0.0,17391.28992
W3_P4,72.0,1,1.0998,13.384,0.0,13.384,20.0,20.0,1.5,1.0,29.2158,0.0,0.0,3.0,600.0,600.0,1.0,1.0,1.0,17014.08992,0.0,17014.08992
W3_P4,72.0,2,0.7998,14.268,0.0,14.268,20.0,20.0,1.5,1.0,28.0318,0.0,0.0,3.0,600.0,600.0,1.0,1.0,1.0,16741.28832,0.0,16741.28832
W3_P4,72.0,3,0.99,15.72,0.0,15.72,20.0,20.0,1.5,1.0,26.77,0.0,0.0,3.0,600.0,600.0,1.0,1.0,1.0,16527.048,0.0,16527.048
W3_P4,72.0,4,1.1802,15.088,0.0,15.088,20.0,20.0,1.5,1.0,27.5922,0.0,0.0,3.0,600.0,600.0,1.0,1.0,1.0,16713.76928,0.0,16713.76928
W3_P4,72.0,5,1.6302,13.476,0.0,13.476,20.0,20.0,1.5,1.0,29.6542,0.0,0.0,3.0,600.0,600.0,1.0,1.0,1.0,17177.99808,0.0,17177.99808
W3_P4,72.0,6,2.5002,13.832,0.0,13.832,20.0,20.0,1.5,1.0,30.1682,0.0,0.0,3.0,600.0,600.0,1.0,1.0,1.0,17407.39168,0.0,17407.39168
W3_P4,72.0,7,3.3702,12.76,0.0,12.76,20.0,20.0,1.5,1.0,32.1102,0.0,0.0,3.0,600.0,600.0,1.0,1.0,1.0,26420.73548,0.0,26420.73548
W3_P4,72.0,8,4.0098,10.712,0.0,10.712,20.0,20.0,1.5,1.0,34.7978,0.0,0.0,3.0,600.0,600.0,1.0,1.0,1.0,27745.98372,0.0,27745.98372
W3_P4,72.0,9,4.2,11.916,0.0,11.916,20.0,20.0,1.5,1.0,33.784,0.0,0.0,3.0,600.0,600.0,1.0,1.0,1.0,27310.8016,0.0,27310.8016
W3_P4,72.0,10,4.1202,8.804,0.0,8.804,20.0,20.0,1.5,1.0,36.8162,0.0,0.0,3.0,600.0,600.0,1.0,1.0,1.0,35864.91888,0.0,35864.91888
W3_P4,72.0,11,3.9,9.3,1.28,10.58,20.0,20.0,1.5,1.0,34.82,0.0,0.0,3.0,600.0,600.0,1.0,1.0,1.0,34491.168,0.0,34491.168
W3_P4,72.0,12,3.2598,9.012,5.12,14.132,20.0,20.0,1.5,1.0,30.6278,0.0,0.0,3.0,600.0,600.0,1.0,1.0,1.0,31544.94672,0.0,31544.94672
W3_P4,72.0,13,2.6898,10.704,7.68,18.384,20.0,20.0,1.5,1.0,25.8058,0.0,0.0,3.0,600.0,600.0,1.0,1.0,1.0,28236.77392,0.0,28236.77392
W3_P4,72.0,14,3.63,10.604,5.12,15.724,20.0,20.0,1.5,1.0,29.406,0.0,0.0,3.0,600.0,600.0,1.0,1.0,1.0,30803.3744,0.0,30803.3744
W3_P4,72.0,15,3.8202,14.552,1.28,15.832,20.0,20.0,1.5,1.0,29.4882,0.0,0.0,3.0,600.0,600.0,1.0,1.0,1.0,25250.53268,0.0,25250.53268
W3_P4,72.0,16,3.75,13.724,0.0,13.724,20.0,20.0,1.5,1.0,31.526,0.0,0.0,3.0,600.0,600.0,1.0,1.0,1.0,26210.4924,0.0,26210.4924
W3_P4,72.0,17,3.1398,12.348,0.0,12.348,20.0,20.0,1.5,1.0,32.2918,0.0,0.0,3.0,600.0,600.0,1.0,1.0,1.0,26469.23932,0.0,26469.23932
W3_P4,72.0,18,2.61,12.152,0.0,12.152,20.0,20.0,1.5,1.0,31.958,0.0,0.0,3.0,600.0,600.0,1.0,1.0,1.0,32468.8992,0.0,32468.8992
W3_P4,72.0,19,2.1198,9.236,0.0,9.236,20.0,20.0,1.5,1.0,34.3838,0.0,0.0,3.0,600.0,600.0,1.0,1.0,1.0,33977.96112,0.0,33977.96112
W3_P4,72.0,20,1.86,7.228,0.0,7.228,20.0,20.0,1.5,1.0,36.132,0.0,0.0,3.0,600.0,600.0,1.0,1.0,1.0,35079.5168,0.0,35079.5168
W3_P4,72.0,21,1.6302,6.252,0.0,6.252,20.0,20.0,1.5,1.0,36.8782,0.0,0.0,3.0,600.0,600.0,1.0,1.0,1.0,28340.61868,0.0,28340.61868
W3_P4,72.0,22,1.56,6.452,0.0,6.452,20.0,20.0,1.5,1.0,36.608,0.0,0.0,3.0,600.0,600.0,1.0,1.0,1.0,28206.4992,0.0,28206.4992
W3_P4,72.0,23,1.4802,7.972,0.0,7.972,20.0,20.0,1.5,1.0,35.0082,0.0,0.0,3.0,600.0,600.0,1.0,1.0,1.0,18185.60768,0.0,18185.60768
W3_P4,63.0,0,1.3698,11.904,0.0,11.904,20.0,20.0,1.5,1.0,30.9658,0.0,0.0,3.0,600.0,600.0,1.0,1.0,1.0,17391.28992,0.0,17391.28992
W3_P4,63.0,1,1.0998,13.384,0.0,13.384,20.0,20.0,1.5,1.0,29.2158,0.0,0.0,3.0,600.0,600.0,1.0,1.0,1.0,17014.08992,0.0,17014.08992
W3_P4,63.0,2,0.7998,14.268,0.0,14.268,20.0,20.0,1.5,1.0,28.0318,0.0,0.0,3.0,600.0,600.0,1.0,1.0,1.0,16741.28832,0.0,16741.28832
W3_P4,63.0,3,0.99,15.72,0.0,15.72,20.0,20.0,1.5,1.0,26.77,0.0,0.0,3.0,600.0,600.0,1.0,1.0,1.0,16527.048,0.0,16527.048
W3_P4,63.0,4,1.1802,15.088,0.0,15.088,20.0,20.0,1.5,1.0,27.5922,0.0,0.0,3.0,600.0,600.0,1.0,1.0,1.0,16713.76928,0.0,16713.76928
W3_P4,63.0,5,1.6302,13.476,0.0,13.476,20.0,20.0,1.5,1.0,29.6542,0.0,0.0,3.0,600.0,600.0,1.0,1.0,1.0,17177.99808,0.0,17177.99808
W3_P4,63.0,6,2.5002,13.832,0.0,13.832,20.0,20.0,1.5,1.0,30.1682,0.0,0.0,3.0,600.0,600.0,1.0,1.0,1.0,17407.39168,0.0,17407.39168
W3_P4,63.0,7,3.3702,12.76,0.0,12.76,20.0,20.0,1.5,1.0,32.1102,0.0,0.0,3.0,600.0,600.0,1.0,1.0,1.0,26420.73548,0.0,26420.73548
W3_P4,63.0,8,4.0098,10.712,0.0,10.712,20.0,20.0,1.5,1.0,34.7978,0.0,0.0,3.0,600.0,600.0,1.0,1.0,1.0,27745.98372,0.0,27745.98372
W3_P4,63.0,9,4.2,11.916,0.0,11.916,20.0,20.0,1.5,1.0,33.784,0.0,0.0,3.0,600.0,600.0,1.0,1.0,1.0,27310.8016,0.0,27310.8016
W3_P4,63.0,10,4.1202,8.804,0.0,8.804,19.168867,19.168867,1.437665,0.958443,35.0916,0.0,0.0,2.87533,575.066024,575.066024,0.958443,0.958443,0.958443,34273.192038,0.0,34273.192038
W3_P4,63.0,11,3.9,9.3,1.28,10.58,20.0,20.0,1.5,1.0,34.82,0.0,0.0,3.0,600.0,600.0,1.0,1.0,1.0,34491.168,0.0,34491.168
W3_P4,63.0,12,3.2598,9.012,5.12,14.132,5.239614,5.239614,0.392971,0.261981,0.0,-0.0,0.0,0.785942,157.188434,157.188434,0.261981,0.261981,0.261981,3276.889557,-0.0,3276.889557
W3_P4,63.0,13,2.6898,10.704,7.68,18.384,7.56347,7.56347,0.56726,0.378173,0.0,-0.0,0.0,1.13452,226.904096,226.904096,0.378173,0.378173,0.378173,4419.20199,-0.0,4419.20199
W3_P4,63.0,14,3.63,10.604,5.12,15.724,20.0,20.0,1.5,1.0,29.406,0.0,0.0,3.0,600.0,600.0,1.0,1.0,1.0,30803.3744,0.0,30803.3744
W3_P4,63.0,15,3.8202,14.552,1.28,15.832,20.0,20.0,1.5,1.0,29.4882,0.0,0.0,3.0,600.0,600.0,1.0,1.0,1.0,25250.53268,0.0,25250.53268
W3_P4,63.0,16,3.75,13.724,0.0,13.724,20.0,20.0,1.5,1.0,31.526,0.0,0.0,3.0,600.0,600.0,1.0,1.0,1.0,26210.4924,0.0,26210.4924
W3_P4,63.0,17,3.1398,12.348,0.0,12.348,20.0,20.0,1.5,1.0,32.2918,0.0,0.0,3.0,600.0,600.0,1.0,1.0,1.0,26469.23932,0.0,26469.23932
W3_P4,63.0,18,2.61,12.152,0.0,12.152,4.598554,4.598554,0.344892,0.229928,0.0,-0.0,0.0,0.689783,137.956627,137.956627,0.229928,0.229928,0.229928,2973.128337,-0.0,2973.128337
W3_P4,63.0,19,2.1198,9.236,0.0,9.236,3.429494,3.429494,0.257212,0.171475,0.0,-0.0,0.0,0.514424,102.884819,102.884819,0.171475,0.171475,0.171475,2243.287918,-0.0,2243.287918
W3_P4,63.0,20,1.86,7.228,0.0,7.228,20.0,20.0,1.5,1.0,36.132,0.0,0.0,3.0,600.0,600.0,1.0,1.0,1.0,35079.5168,0.0,35079.5168
W3_P4,63.0,21,1.6302,6.252,0.0,6.252,20.0,20.0,1.5,1.0,36.8782,0.0,0.0,3.0,600.0,600.0,1.0,1.0,1.0,28340.61868,0.0,28340.61868
W3_P4,63.0,22,1.56,6.452,0.0,6.452,20.0,20.0,1.5,1.0,36.608,0.0,0.0,3.0,600.0,600.0,1.0,1.0,1.0,28206.4992,0.0,28206.4992
W3_P4,63.0,23,1.4802,7.972,0.0,7.972,20.0,20.0,1.5,1.0,35.0082,0.0,0.0,3.0,600.0,600.0,1.0,1.0,1.0,18185.60768,0.0,18185.60768
W3_P4,54.0,0,1.3698,11.904,0.0,11.904,20.0,20.0,1.5,1.0,30.9658,0.0,0.0,3.0,600.0,600.0,1.0,1.0,1.0,17391.28992,0.0,17391.28992
W3_P4,54.0,1,1.0998,13.384,0.0,13.384,20.0,20.0,1.5,1.0,29.2158,0.0,0.0,3.0,600.0,600.0,1.0,1.0,1.0,17014.08992,0.0,17014.08992
W3_P4,54.0,2,0.7998,14.268,0.0,14.268,20.0,20.0,1.5,1.0,28.0318,0.0,0.0,3.0,600.0,600.0,1.0,1.0,1.0,16741.28832,0.0,16741.28832
W3_P4,54.0,3,0.99,15.72,0.0,15.72,20.0,20.0,1.5,1.0,26.77,0.0,0.0,3.0,600.0,600.0,1.0,1.0,1.0,16527.048,0.0,16527.048
W3_P4,54.0,4,1.1802,15.088,0.0,15.088,20.0,20.0,1.5,1.0,27.5922,0.0,0.0,3.0,600.0,600.0,1.0,1.0,1.0,16713.76928,0.0,16713.76928
W3_P4,54.0,5,1.6302,13.476,0.0,13.476,20.0,20.0,1.5,1.0,29.6542,0.0,0.0,3.0,600.0,600.0,1.0,1.0,1.0,17177.99808,0.0,17177.99808
W3_P4,54.0,6,2.5002,13.832,0.0,13.832,20.0,20.0,1.5,1.0,30.1682,0.0,0.0,3.0,600.0,600.0,1.0,1.0,1.0,17407.39168,0.0,17407.39168
W3_P4,54.0,7,3.3702,12.76,0.0,12.76,20.0,20.0,1.5,1.0,32.1102,0.0,0.0,3.0,600.0,600.0,1.0,1.0,1.0,26420.73548,0.0,26420.73548
W3_P4,54.0,8,4.0098,10.712,0.0,10.712,20.0,20.0,1.5,1.0,34.7978,0.0,0.0,3.0,600.0,600.0,1.0,1.0,1.0,27745.98372,0.0,27745.98372
W3_P4,54.0,9,4.2,11.916,0.0,11.916,20.0,20.0,1.5,1.0,33.784,0.0,0.0,3.0,600.0,600.0,1.0,1.0,1.0,27310.8016,0.0,27310.8016
W3_P4,54.0,10,4.1202,8.804,0.0,8.804,2.257253,2.257253,0.169294,0.112863,0.0,-0.0,0.0,0.338588,67.71759,67.71759,0.112863,0.112863,0.112863,1885.251841,-0.0,1885.251841
W3_P4,54.0,11,3.9,9.3,1.28,10.58,3.219277,3.219277,0.241446,0.160964,0.0,-0.0,0.0,0.482892,96.578313,96.578313,0.160964,0.160964,0.160964,2353.902169,-0.0,2353.902169
W3_P4,54.0,12,3.2598,9.012,5.12,14.132,5.239614,5.239614,0.392971,0.261981,0.0,-0.0,0.0,0.785942,157.188434,157.188434,0.261981,0.261981,0.261981,3276.889557,-0.0,3276.889557
W3_P4,54.0,13,2.6898,10.704,7.68,18.384,7.56347,7.56347,0.56726,0.378173,0.0,-0.0,0.0,1.13452,226.904096,226.904096,0.378173,0.378173,0.378173,4419.20199,-0.0,4419.20199
W3_P4,54.0,14,3.63,10.604,5.12,15.724,5.828434,5.828434,0.437133,0.291422,0.0,-0.0,0.0,0.874265,174.853012,174.853012,0.291422,0.291422,0.291422,3662.982699,-0.0,3662.982699
W3_P4,54.0,15,3.8202,14.552,1.28,15.832,20.0,20.0,1.5,1.0,29.4882,0.0,0.0,3.0,600.0,600.0,1.0,1.0,1.0,25250.53268,0.0,25250.53268
W3_P4,54.0,16,3.75,13.724,0.0,13.724,20.0,20.0,1.5,1.0,31.526,0.0,0.0,3.0,600.0,600.0,1.0,1.0,1.0,26210.4924,0.0,26210.4924
W3_P4,54.0,17,3.1398,12.348,0.0,12.348,20.0,20.0,1.5,1.0,32.2918,0.0,0.0,3.0,600.0,600.0,1.0,1.0,1.0,26469.23932,0.0,26469.23932
W3_P4,54.0,18,2.61,12.152,0.0,12.152,4.598554,4.598554,0.344892,0.229928,0.0,-0.0,0.0,0.689783,137.956627,137.956627,0.229928,0.229928,0.229928,2973.128337,-0.0,2973.128337
W3_P4,54.0,19,2.1198,9.236,0.0,9.236,8.70641,8.70641,0.652981,0.43532,10.9496,0.0,0.0,1.305961,261.192289,261.192289,0.43532,0.43532,0.43532,12349.267411,0.0,12349.267411
W3_P4,54.0,20,1.86,7.228,0.0,7.228,2.586988,2.586988,0.194024,0.129349,0.0,-0.0,0.0,0.388048,77.609639,77.609639,0.129349,0.129349,0.129349,1731.335036,-0.0,1731.335036
W3_P4,54.0,21,1.6302,6.252,0.0,6.252,20.0,20.0,1.5,1.0,36.8782,0.0,0.0,3.0,600.0,600.0,1.0,1.0,1.0,28340.61868,0.0,28340.61868
W3_P4,54.0,22,1.56,6.452,0.0,6.452,20.0,20.0,1.5,1.0,36.608,0.0,0.0,3.0,600.0,600.0,1.0,1.0,1.0,28206.4992,0.0,28206.4992
W3_P4,54.0,23,1.4802,7.972,0.0,7.972,20.0,20.0,1.5,1.0,35.0082,0.0,0.0,3.0,600.0,600.0,1.0,1.0,1.0,18185.60768,0.0,18185.60768
W3_P4,45.0,0,1.3698,11.904,0.0,11.904,20.0,20.0,1.5,1.0,30.9658,0.0,0.0,3.0,600.0,600.0,1.0,1.0,1.0,17391.28992,0.0,17391.28992
W3_P4,45.0,1,1.0998,13.384,0.0,13.384,20.0,20.0,1.5,1.0,29.2158,0.0,0.0,3.0,600.0,600.0,1.0,1.0,1.0,17014.08992,0.0,17014.08992
W3_P4,45.0,2,0.7998,14.268,0.0,14.268,20.0,20.0,1.5,1.0,28.0318,0.0,0.0,3.0,600.0,600.0,1.0,1.0,1.0,16741.28832,0.0,16741.28832
W3_P4,45.0,3,0.99,15.72,0.0,15.72,20.0,20.0,1.5,1.0,26.77,0.0,0.0,3.0,600.0,600.0,1.0,1.0,1.0,16527.048,0.0,16527.048
W3_P4,45.0,4,1.1802,15.088,0.0,15.088,20.0,20.0,1.5,1.0,27.5922,0.0,0.0,3.0,600.0,600.0,1.0,1.0,1.0,16713.76928,0.0,16713.76928
W3_P4,45.0,5,1.6302,13.476,0.0,13.476,20.0,20.0,1.5,1.0,29.6542,0.0,0.0,3.0,600.0,600.0,1.0,1.0,1.0,17177.99808,0.0,17177.99808
W3_P4,45.0,6,2.5002,13.832,0.0,13.832,20.0,20.0,1.5,1.0,30.1682,0.0,0.0,3.0,600.0,600.0,1.0,1.0,1.0,17407.39168,0.0,17407.39168
W3_P4,45.0,7,3.3702,12.76,0.0,12.76,4.525205,4.525205,0.33939,0.22626,0.0,-0.0,0.0,0.678781,135.756145,135.756145,0.22626,0.22626,0.22626,3045.979986,-0.0,3045.979986
W3_P4,45.0,8,4.0098,10.712,0.0,10.712,13.71759,13.71759,1.028819,0.68588,21.7618,0.0,0.0,2.057639,411.527711,411.527711,0.68588,0.68588,0.68588,18256.372549,0.0,18256.372549
W3_P4,45.0,9,4.2,11.916,0.0,11.916,20.0,20.0,1.5,1.0,33.784,0.0,0.0,3.0,600.0,600.0,1.0,1.0,1.0,27310.8016,0.0,27310.8016
W3_P4,45.0,10,4.1202,8.804,0.0,8.804,2.257253,2.257253,0.169294,0.112863,0.0,-0.0,0.0,0.338588,67.71759,67.71759,0.112863,0.112863,0.112863,1885.251841,-0.0,1885.251841
W3_P4,45.0,11,3.9,9.3,1.28,10.58,3.219277,3.219277,0.241446,0.160964,0.0,-0.0,0.0,0.482892,96.578313,96.578313,0.160964,0.160964,0.160964,2353.902169,-0.0,2353.902169
W3_P4,45.0,12,3.2598,9.012,5.12,14.132,5.239614,5.239614,0.392971,0.261981,0.0,-0.0,0.0,0.785942,157.188434,157.188434,0.261981,0.261981,0.261981,3276.889557,-0.0,3276.889557
W3_P4,45.0,13,2.6898,10.704,7.68,18.384,7.56347,7.56347,0.56726,0.378173,0.0,-0.0,0.0,1.13452,226.904096,226.904096,0.378173,0.378173,0.378173,4419.20199,-0.0,4419.20199
W3_P4,45.0,14,3.63,10.604,5.12,15.724,5.828434,5.828434,0.437133,0.291422,0.0,-0.0,0.0,0.874265,174.853012,174.853012,0.291422,0.291422,0.291422,3662.982699,-0.0,3662.982699
W3_P4,45.0,15,3.8202,14.552,1.28,15.832,20.0,20.0,1.5,1.0,29.4882,0.0,0.0,3.0,600.0,600.0,1.0,1.0,1.0,25250.53268,0.0,25250.53268
W3_P4,45.0,16,3.75,13.724,0.0,13.724,4.806747,4.806747,0.360506,0.240337,0.0,-0.0,0.0,0.721012,144.20241,144.20241,0.240337,0.240337,0.240337,3261.007759,-0.0,3261.007759
W3_P4,45.0,17,3.1398,12.348,0.0,12.348,20.0,20.0,1.5,1.0,32.2918,0.0,0.0,3.0,600.0,600.0,1.0,1.0,1.0,26469.23932,0.0,26469.23932
W3_P4,45.0,18,2.61,12.152,0.0,12.152,4.598554,4.598554,0.344892,0.229928,0.0,-0.0,0.0,0.689783,137.956627,137.956627,0.229928,0.229928,0.229928,2973.128337,-0.0,2973.128337
W3_P4,45.0,19,2.1198,9.236,0.0,9.236,3.429494,3.429494,0.257212,0.171475,0.0,-0.0,0.0,0.514424,102.884819,102.884819,0.171475,0.171475,0.171475,2243.287918,-0.0,2243.287918
W3_P4,45.0,20,1.86,7.228,0.0,7.228,2.586988,2.586988,0.194024,0.129349,0.0,-0.0,0.0,0.388048,77.609639,77.609639,0.129349,0.129349,0.129349,1731.335036,-0.0,1731.335036
W3_P4,45.0,21,1.6302,6.252,0.0,6.252,2.227373,2.227373,0.167053,0.111369,0.0,-0.0,0.0,0.334106,66.821205,66.821205,0.111369,0.111369,0.111369,1494.97748,-0.0,1494.97748
W3_P4,45.0,22,1.56,6.452,0.0,6.452,20.0,20.0,1.5,1.0,36.608,0.0,0.0,3.0,600.0,600.0,1.0,1.0,1.0,28206.4992,0.0,28206.4992
W3_P4,45.0,23,1.4802,7.972,0.0,7.972,20.0,20.0,1.5,1.0,35.0082,0.0,0.0,3.0,600.0,600.0,1.0,1.0,1.0,18185.60768,0.0,18185.60768
W3_P4,36.0,0,1.3698,11.904,0.0,11.904,20.0,20.0,1.5,1.0,30.9658,0.0,0.0,3.0,600.0,600.0,1.0,1.0,1.0,17391.28992,0.0,17391.28992
W3_P4,36.0,1,1.0998,13.384,0.0,13.384,20.0,20.0,1.5,1.0,29.2158,0.0,0.0,3.0,600.0,600.0,1.0,1.0,1.0,17014.08992,0.0,17014.08992
W3_P4,36.0,2,0.7998,14.268,0.0,14.268,20.0,20.0,1.5,1.0,28.0318,0.0,0.0,3.0,600.0,600.0,1.0,1.0,1.0,16741.28832,0.0,16741.28832
W3_P4,36.0,3,0.99,15.72,0.0,15.72,20.0,20.0,1.5,1.0,26.77,0.0,0.0,3.0,600.0,600.0,1.0,1.0,1.0,16527.048,0.0,16527.048
W3_P4,36.0,4,1.1802,15.088,0.0,15.088,20.0,20.0,1.5,1.0,27.5922,0.0,0.0,3.0,600.0,600.0,1.0,1.0,1.0,16713.76928,0.0,16713.76928
W3_P4,36.0,5,1.6302,13.476,0.0,13.476,20.0,20.0,1.5,1.0,29.6542,0.0,0.0,3.0,600.0,600.0,1.0,1.0,1.0,17177.99808,0.0,17177.99808
W3_P4,36.0,6,2.5002,13.832,0.0,13.832,20.0,20.0,1.5,1.0,30.1682,0.0,0.0,3.0,600.0,600.0,1.0,1.0,1.0,17407.39168,0.0,17407.39168
W3_P4,36.0,7,3.3702,12.76,0.0,12.76,4.525205,4.525205,0.33939,0.22626,0.0,0.0,0.0,0.678781,135.756145,135.756145,0.22626,0.22626,0.22626,3045.979986,0.0,3045.979986
W3_P4,36.0,8,4.0098,10.712,0.0,10.712,3.229976,3.229976,0.242248,0.161499,0.0,-0.0,0.0,0.484496,96.899277,96.899277,0.161499,0.161499,0.161499,2414.778472,-0.0,2414.778472
W3_P4,36.0,9,4.2,11.916,0.0,11.916,3.718554,3.718554,0.278892,0.185928,0.0,-0.0,0.0,0.557783,111.556627,111.556627,0.185928,0.185928,0.185928,2717.596337,-0.0,2717.596337
W3_P4,36.0,10,4.1202,8.804,0.0,8.804,2.257253,2.257253,0.169294,0.112863,0.0,-0.0,0.0,0.338588,67.71759,67.71759,0.112863,0.112863,0.112863,1885.251841,-0.0,1885.251841
W3_P4,36.0,11,3.9,9.3,1.28,10.58,3.219277,3.219277,0.241446,0.160964,0.0,-0.0,0.0,0.482892,96.578313,96.578313,0.160964,0.160964,0.160964,2353.902169,-0.0,2353.902169
W3_P4,36.0,12,3.2598,9.012,5.12,14.132,5.239614,5.239614,0.392971,0.261981,0.0,-0.0,0.0,0.785942,157.188434,157.188434,0.261981,0.261981,0.261981,3276.889557,-0.0,3276.889557
W3_P4,36.0,13,2.6898,10.704,7.68,18.384,7.56347,7.56347,0.56726,0.378173,0.0,-0.0,0.0,1.13452,226.904096,226.904096,0.378173,0.378173,0.378173,4419.20199,-0.0,4419.20199
W3_P4,36.0,14,3.63,10.604,5.12,15.724,5.828434,5.828434,0.437133,0.291422,0.0,-0.0,0.0,0.874265,174.853012,174.853012,0.291422,0.291422,0.291422,3662.982699,-0.0,3662.982699
W3_P4,36.0,15,3.8202,14.552,1.28,15.832,5.788819,5.788819,0.434161,0.289441,0.0,-0.0,0.0,0.868323,173.664578,173.664578,0.289441,0.289441,0.289441,3784.473142,-0.0,3784.473142
W3_P4,36.0,16,3.75,13.724,0.0,13.724,4.806747,4.806747,0.360506,0.240337,0.0,-0.0,0.0,0.721012,144.20241,144.20241,0.240337,0.240337,0.240337,3261.007759,-0.0,3261.007759
W3_P4,36.0,17,3.1398,12.348,0.0,12.348,4.437687,4.437687,0.332827,0.221884,0.0,-0.0,0.0,0.665653,133.130602,133.130602,0.221884,0.221884,0.221884,2962.28734,-0.0,2962.28734
W3_P4,36.0,18,2.61,12.152,0.0,12.152,4.598554,4.598554,0.344892,0.229928,0.0,-0.0,0.0,0.689783,137.956627,137.956627,0.229928,0.229928,0.229928,2973.128337,-0.0,2973.128337
W3_P4,36.0,19,2.1198,9.236,0.0,9.236,3.429494,3.429494,0.257212,0.171475,0.0,-0.0,0.0,0.514424,102.884819,102.884819,0.171475,0.171475,0.171475,2243.287918,-0.0,2243.287918
W3_P4,36.0,20,1.86,7.228,0.0,7.228,2.586988,2.586988,0.194024,0.129349,0.0,-0.0,0.0,0.388048,77.609639,77.609639,0.129349,0.129349,0.129349,1731.335036,-0.0,1731.335036
W3_P4,36.0,21,1.6302,6.252,0.0,6.252,2.227373,2.227373,0.167053,0.111369,0.0,-0.0,0.0,0.334106,66.821205,66.821205,0.111369,0.111369,0.111369,1494.97748,-0.0,1494.97748
W3_P4,36.0,22,1.56,6.452,0.0,6.452,16.542554,16.542554,1.240692,0.827128,29.4338,0.0,0.0,2.481383,496.276627,496.276627,0.827128,0.827128,0.827128,22984.010057,0.0,22984.010057
W3_P4,36.0,23,1.4802,7.972,0.0,7.972,20.0,20.0,1.5,1.0,35.0082,0.0,0.0,3.0,600.0,600.0,1.0,1.0,1.0,18185.60768,0.0,18185.60768
W4_P1,72.0,0,1.3698,13.496,0.0,13.496,20.0,20.0,1.5,1.0,29.3738,0.0,0.0,3.0,600.0,600.0,1.0,1.0,1.0,17084.98912,0.0,17084.98912
W4_P1,72.0,1,1.0998,14.084,0.0,14.084,20.0,20.0,1.5,1.0,28.5158,0.0,0.0,3.0,600.0,600.0,1.0,1.0,1.0,16879.40992,0.0,16879.40992
W4_P1,72.0,2,0.7998,13.092,0.0,13.092,20.0,20.0,1.5,1.0,29.2078,0.0,0.0,3.0,600.0,600.0,1.0,1.0,1.0,16967.55072,0.0,16967.55072
W4_P1,72.0,3,0.99,20.168,0.0,20.168,20.0,20.0,1.5,1.0,22.322,0.0,0.0,3.0,600.0,600.0,1.0,1.0,1.0,15671.2528,0.0,15671.2528
W4_P1,72.0,4,1.1802,19.276,0.0,19.276,20.0,20.0,1.5,1.0,23.4042,0.0,0.0,3.0,600.0,600.0,1.0,1.0,1.0,15907.99808,0.0,15907.99808
W4_P1,72.0,5,1.6302,23.08,0.0,23.08,20.0,20.0,1.5,1.0,20.0502,0.0,0.0,3.0,600.0,600.0,1.0,1.0,1.0,15330.18848,0.0,15330.18848
W4_P1,72.0,6,2.5002,28.356,14.08,42.436,20.0,20.0,1.5,1.0,1.5642,0.0,0.0,3.0,600.0,600.0,1.0,1.0,1.0,11481.58208,0.0,11481.58208
W4_P1,72.0,7,3.3702,26.36,25.6,51.96,20.0,20.0,1.5,1.0,0.0,7.0898,0.0,3.0,600.0,600.0,1.0,1.0,1.0,12029.0,2679.23542,9349.76458
W4_P1,72.0,8,4.0098,25.076,37.12,62.196,20.0,20.0,1.5,1.0,0.0,16.6862,0.0,3.0,600.0,600.0,1.0,1.0,1.0,13218.8,6305.71498,6913.08502
W4_P1,72.0,9,4.2,22.112,46.08,68.192,20.0,20.0,1.5,1.0,0.0,22.492,0.0,3.0,600.0,600.0,1.0,1.0,1.0,13849.4,8499.7268,5349.6732
W4_P1,72.0,10,4.1202,8.996,52.48,61.476,20.0,20.0,1.5,1.0,0.0,15.8558,0.0,3.0,600.0,600.0,1.0,1.0,1.0,12650.0,5991.90682,6658.09318
W4_P1,72.0,11,3.9,7.652,55.04,62.692,20.0,20.0,1.5,1.0,0.0,17.292,0.0,3.0,600.0,600.0,1.0,1.0,1.0,12755.6,6534.6468,6220.9532
W4_P1,72.0,12,3.2598,10.816,56.32,67.136,20.0,20.0,1.5,1.0,0.0,22.3762,0.0,3.0,600.0,600.0,1.0,1.0,1.0,13383.8,8455.96598,4927.83402
W4_P1,72.0,13,2.6898,10.952,56.32,67.272,20.0,20.0,1.5,1.0,0.0,23.0822,0.0,3.0,600.0,600.0,1.0,1.0,1.0,13404.2,8722.76338,4681.43662
W4_P1,72.0,14,3.63,15.152,52.48,67.632,20.0,20.0,1.5,1.0,0.0,22.502,0.0,3.0,600.0,600.0,1.0,1.0,1.0,13573.4,8503.5058,5069.8942
W4_P1,72.0,15,3.8202,21.66,44.8,66.46,20.0,20.0,1.5,1.0,0.0,21.1398,0.0,3.0,600.0,600.0,1.0,1.0,1.0,13628.0,7988.73042,5639.26958
W4_P1,72.0,16,3.75,17.16,33.28,50.44,20.0,20.0,1.5,1.0,0.0,5.19,0.0,3.0,600.0,600.0,1.0,1.0,1.0,11570.6,1961.301,9609.299
W4_P1,72.0,17,3.1398,16.612,24.32,40.932,20.0,20.0,1.5,1.0,3.7078,0.0,0.0,3.0,600.0,600.0,1.0,1.0,1.0,12665.31772,0.0,12665.31772
W4_P1,72.0,18,2.61,15.328,11.52,26.848,20.0,20.0,1.5,1.0,17.262,0.0,0.0,3.0,600.0,600.0,1.0,1.0,1.0,22535.6288,0.0,22535.6288
W4_P1,72.0,19,2.1198,9.416,0.0,9.416,20.0,20.0,1.5,1.0,34.2038,0.0,0.0,3.0,600.0,600.0,1.0,1.0,1.0,33860.52912,0.0,33860.52912
W4_P1,72.0,20,1.86,8.808,0.0,8.808,20.0,20.0,1.5,1.0,34.552,0.0,0.0,3.0,600.0,600.0,1.0,1.0,1.0,34048.7248,0.0,34048.7248
W4_P1,72.0,21,1.6302,5.216,0.0,5.216,20.0,20.0,1.5,1.0,37.9142,0.0,0.0,3.0,600.0,600.0,1.0,1.0,1.0,28814.48508,0.0,28814.48508
W4_P1,72.0,22,1.56,6.152,0.0,6.152,20.0,20.0,1.5,1.0,36.908,0.0,0.0,3.0,600.0,600.0,1.0,1.0,1.0,28343.7192,0.0,28343.7192
W4_P1,72.0,23,1.4802,8.464,0.0,8.464,20.0,20.0,1.5,1.0,34.5162,0.0,0.0,3.0,600.0,600.0,1.0,1.0,1.0,18090.94688,0.0,18090.94688
W4_P1,63.0,0,1.3698,13.496,0.0,13.496,20.0,20.0,1.5,1.0,29.3738,0.0,0.0,3.0,600.0,600.0,1.0,1.0,1.0,17084.98912,0.0,17084.98912
W4_P1,63.0,1,1.0998,14.084,0.0,14.084,20.0,20.0,1.5,1.0,28.5158,0.0,0.0,3.0,600.0,600.0,1.0,1.0,1.0,16879.40992,0.0,16879.40992
W4_P1,63.0,2,0.7998,13.092,0.0,13.092,20.0,20.0,1.5,1.0,29.2078,0.0,0.0,3.0,600.0,600.0,1.0,1.0,1.0,16967.55072,0.0,16967.55072
W4_P1,63.0,3,0.99,20.168,0.0,20.168,20.0,20.0,1.5,1.0,22.322,0.0,0.0,3.0,600.0,600.0,1.0,1.0,1.0,15671.2528,0.0,15671.2528
W4_P1,63.0,4,1.1802,19.276,0.0,19.276,20.0,20.0,1.5,1.0,23.4042,0.0,0.0,3.0,600.0,600.0,1.0,1.0,1.0,15907.99808,0.0,15907.99808
W4_P1,63.0,5,1.6302,23.08,0.0,23.08,20.0,20.0,1.5,1.0,20.0502,0.0,0.0,3.0,600.0,600.0,1.0,1.0,1.0,15330.18848,0.0,15330.18848
W4_P1,63.0,6,2.5002,28.356,14.08,42.436,20.0,20.0,1.5,1.0,1.5642,0.0,0.0,3.0,600.0,600.0,1.0,1.0,1.0,11481.58208,0.0,11481.58208
W4_P1,63.0,7,3.3702,26.36,25.6,51.96,20.0,20.0,1.5,1.0,0.0,7.0898,0.0,3.0,600.0,600.0,1.0,1.0,1.0,12029.0,2679.23542,9349.76458
W4_P1,63.0,8,4.0098,25.076,37.12,62.196,20.0,20.0,1.5,1.0,0.0,16.6862,0.0,3.0,600.0,600.0,1.0,1.0,1.0,13218.8,6305.71498,6913.08502
W4_P1,63.0,9,4.2,22.112,46.08,68.192,20.0,20.0,1.5,1.0,0.0,22.492,0.0,3.0,600.0,600.0,1.0,1.0,1.0,13849.4,8499.7268,5349.6732
W4_P1,63.0,10,4.1202,8.996,52.48,61.476,20.0,20.0,1.5,1.0,0.0,15.8558,0.0,3.0,600.0,600.0,1.0,1.0,1.0,12650.0,5991.90682,6658.09318
W4_P1,63.0,11,3.9,7.652,55.04,62.692,20.0,20.0,1.5,1.0,0.0,17.292,0.0,3.0,600.0,600.0,1.0,1.0,1.0,12755.6,6534.6468,6220.9532
W4_P1,63.0,12,3.2598,10.816,56.32,67.136,20.0,20.0,1.5,1.0,0.0,22.3762,0.0,3.0,600.0,600.0,1.0,1.0,1.0,13383.8,8455.96598,4927.83402
W4_P1,63.0,13,2.6898,10.952,56.32,67.272,20.0,20.0,1.5,1.0,0.0,23.0822,0.0,3.0,600.0,600.0,1.0,1.0,1.0,13404.2,8722.76338,4681.43662
W4_P1,63.0,14,3.63,15.152,52.48,67.632,20.0,20.0,1.5,1.0,0.0,22.502,0.0,3.0,600.0,600.0,1.0,1.0,1.0,13573.4,8503.5058,5069.8942
W4_P1,63.0,15,3.8202,21.66,44.8,66.46,20.0,20.0,1.5,1.0,0.0,21.1398,0.0,3.0,600.0,600.0,1.0,1.0,1.0,13628.0,7988.73042,5639.26958
W4_P1,63.0,16,3.75,17.16,33.28,50.44,20.0,20.0,1.5,1.0,0.0,5.19,0.0,3.0,600.0,600.0,1.0,1.0,1.0,11570.6,1961.301,9609.299
W4_P1,63.0,17,3.1398,16.612,24.32,40.932,19.454361,19.454361,1.459077,0.972718,2.5756,0.0,0.0,2.918154,583.630843,583.630843,0.972718,0.972718,0.972718,11841.127956,0.0,11841.127956
W4_P1,63.0,18,2.61,15.328,11.52,26.848,11.680964,11.680964,0.876072,0.584048,0.0,0.0,0.0,1.752145,350.428916,350.428916,0.584048,0.584048,0.584048,6603.593108,0.0,6603.593108
W4_P1,63.0,19,2.1198,9.416,0.0,9.416,3.516241,3.516241,0.263718,0.175812,0.0,0.0,0.0,0.527436,105.487229,105.487229,0.175812,0.175812,0.175812,2291.987677,0.0,2291.987677
W4_P1,63.0,20,1.86,8.808,0.0,8.808,3.348434,3.348434,0.251133,0.167422,0.0,0.0,0.0,0.502265,100.453012,100.453012,0.167422,0.167422,0.167422,2158.810699,0.0,2158.810699
W4_P1,63.0,21,1.6302,5.216,0.0,5.216,2.0,2.0,0.15,0.1,0.5642,0.0,0.0,0.3,60.0,60.0,0.1,0.1,0.1,1625.39508,0.0,1625.39508
W4_P1,63.0,22,1.56,6.152,0.0,6.152,20.0,20.0,1.5,1.0,36.908,0.0,0.0,3.0,600.0,600.0,1.0,1.0,1.0,28343.7192,0.0,28343.7192
W4_P1,63.0,23,1.4802,8.464,0.0,8.464,20.0,20.0,1.5,1.0,34.5162,0.0,0.0,3.0,600.0,600.0,1.0,1.0,1.0,18090.94688,0.0,18090.94688
W4_P1,54.0,0,1.3698,13.496,0.0,13.496,20.0,20.0,1.5,1.0,29.3738,0.0,0.0,3.0,600.0,600.0,1.0,1.0,1.0,17084.98912,0.0,17084.98912
W4_P1,54.0,1,1.0998,14.084,0.0,14.084,20.0,20.0,1.5,1.0,28.5158,0.0,0.0,3.0,600.0,600.0,1.0,1.0,1.0,16879.40992,0.0,16879.40992
W4_P1,54.0,2,0.7998,13.092,0.0,13.092,20.0,20.0,1.5,1.0,29.2078,0.0,0.0,3.0,600.0,600.0,1.0,1.0,1.0,16967.55072,0.0,16967.55072
W4_P1,54.0,3,0.99,20.168,0.0,20.168,20.0,20.0,1.5,1.0,22.322,0.0,0.0,3.0,600.0,600.0,1.0,1.0,1.0,15671.2528,0.0,15671.2528
W4_P1,54.0,4,1.1802,19.276,0.0,19.276,20.0,20.0,1.5,1.0,23.4042,0.0,0.0,3.0,600.0,600.0,1.0,1.0,1.0,15907.99808,0.0,15907.99808
W4_P1,54.0,5,1.6302,23.08,0.0,23.08,20.0,20.0,1.5,1.0,20.0502,0.0,0.0,3.0,600.0,600.0,1.0,1.0,1.0,15330.18848,0.0,15330.18848
W4_P1,54.0,6,2.5002,28.356,14.08,42.436,20.0,20.0,1.5,1.0,1.5642,0.0,0.0,3.0,600.0,600.0,1.0,1.0,1.0,11481.58208,0.0,11481.58208
W4_P1,54.0,7,3.3702,26.36,25.6,51.96,20.0,20.0,1.5,1.0,0.0,7.0898,0.0,3.0,600.0,600.0,1.0,1.0,1.0,12029.0,2679.23542,9349.76458
W4_P1,54.0,8,4.0098,25.076,37.12,62.196,20.0,20.0,1.5,1.0,0.0,16.6862,0.0,3.0,600.0,600.0,1.0,1.0,1.0,13218.8,6305.71498,6913.08502
W4_P1,54.0,9,4.2,22.112,46.08,68.192,20.0,20.0,1.5,1.0,0.0,22.492,0.0,3.0,600.0,600.0,1.0,1.0,1.0,13849.4,8499.7268,5349.6732
W4_P1,54.0,10,4.1202,8.996,52.48,61.476,20.0,20.0,1.5,1.0,0.0,15.8558,0.0,3.0,600.0,600.0,1.0,1.0,1.0,12650.0,5991.90682,6658.09318
W4_P1,54.0,11,3.9,7.652,55.04,62.692,20.0,20.0,1.5,1.0,0.0,17.292,0.0,3.0,600.0,600.0,1.0,1.0,1.0,12755.6,6534.6468,6220.9532
W4_P1,54.0,12,3.2598,10.816,56.32,67.136,20.0,20.0,1.5,1.0,0.0,22.3762,0.0,3.0,600.0,600.0,1.0,1.0,1.0,13383.8,8455.96598,4927.83402
W4_P1,54.0,13,2.6898,10.952,56.32,67.272,20.0,20.0,1.5,1.0,0.0,23.0822,0.0,3.0,600.0,600.0,1.0,1.0,1.0,13404.2,8722.76338,4681.43662
W4_P1,54.0,14,3.63,15.152,52.48,67.632,15.028241,15.028241,1.127118,0.751412,0.0,32.8184,0.0,2.254236,450.847229,450.847229,0.751412,0.751412,0.751412,12329.714477,12402.07336,-72.358883
W4_P1,54.0,15,3.8202,21.66,44.8,66.46,2.0,2.0,0.15,0.1,0.0,58.4898,0.0,0.3,60.0,60.0,0.1,0.1,0.1,9125.3,22103.29542,-12977.99542
W4_P1,54.0,16,3.75,17.16,33.28,50.44,2.0,2.0,0.15,0.1,0.0,42.54,0.0,0.3,60.0,60.0,0.1,0.1,0.1,7067.9,16075.866,-9007.966
W4_P1,54.0,17,3.1398,16.612,24.32,40.932,18.213108,18.213108,1.365983,0.910655,0.0,0.0,0.0,2.731966,546.393253,546.393253,0.910655,0.910655,0.910655,9966.209075,0.0,9966.209075
W4_P1,54.0,18,2.61,15.328,11.52,26.848,11.680964,11.680964,0.876072,0.584048,0.0,0.0,0.0,1.752145,350.428916,350.428916,0.584048,0.584048,0.584048,6603.593108,0.0,6603.593108
W4_P1,54.0,19,2.1198,9.416,0.0,9.416,3.516241,3.516241,0.263718,0.175812,0.0,0.0,0.0,0.527436,105.487229,105.487229,0.175812,0.175812,0.175812,2291.987677,0.0,2291.987677
W4_P1,54.0,20,1.86,8.808,0.0,8.808,3.348434,3.348434,0.251133,0.167422,0.0,0.0,0.0,0.502265,100.453012,100.453012,0.167422,0.167422,0.167422,2158.810699,0.0,2158.810699
W4_P1,54.0,21,1.6302,5.216,0.0,5.216,2.0,2.0,0.15,0.1,0.5642,0.0,0.0,0.3,60.0,60.0,0.1,0.1,0.1,1625.39508,0.0,1625.39508
W4_P1,54.0,22,1.56,6.152,0.0,6.152,2.213012,2.213012,0.165976,0.110651,0.0,0.0,0.0,0.331952,66.390361,66.390361,0.110651,0.110651,0.110651,1476.384964,0.0,1476.384964
W4_P1,54.0,23,1.4802,8.464,0.0,8.464,20.0,20.0,1.5,1.0,34.5162,0.0,0.0,3.0,600.0,600.0,1.0,1.0,1.0,18090.94688,0.0,18090.94688
W4_P1,45.0,0,1.3698,13.496,0.0,13.496,20.0,20.0,1.5,1.0,29.3738,0.0,0.0,3.0,600.0,600.0,1.0,1.0,1.0,17084.98912,0.0,17084.98912
W4_P1,45.0,1,1.0998,14.084,0.0,14.084,20.0,20.0,1.5,1.0,28.5158,0.0,0.0,3.0,600.0,600.0,1.0,1.0,1.0,16879.40992,0.0,16879.40992
W4_P1,45.0,2,0.7998,13.092,0.0,13.092,20.0,20.0,1.5,1.0,29.2078,0.0,0.0,3.0,600.0,600.0,1.0,1.0,1.0,16967.55072,0.0,16967.55072
W4_P1,45.0,3,0.99,20.168,0.0,20.168,20.0,20.0,1.5,1.0,22.322,0.0,0.0,3.0,600.0,600.0,1.0,1.0,1.0,15671.2528,0.0,15671.2528
W4_P1,45.0,4,1.1802,19.276,0.0,19.276,20.0,20.0,1.5,1.0,23.4042,0.0,0.0,3.0,600.0,600.0,1.0,1.0,1.0,15907.99808,0.0,15907.99808
W4_P1,45.0,5,1.6302,23.08,0.0,23.08,20.0,20.0,1.5,1.0,20.0502,0.0,0.0,3.0,600.0,600.0,1.0,1.0,1.0,15330.18848,0.0,15330.18848
W4_P1,45.0,6,2.5002,28.356,14.08,42.436,20.0,20.0,1.5,1.0,1.5642,0.0,0.0,3.0,600.0,600.0,1.0,1.0,1.0,11481.58208,0.0,11481.58208
W4_P1,45.0,7,3.3702,26.36,25.6,51.96,20.0,20.0,1.5,1.0,0.0,7.0898,0.0,3.0,600.0,600.0,1.0,1.0,1.0,12029.0,2679.23542,9349.76458
W4_P1,45.0,8,4.0098,25.076,37.12,62.196,20.0,20.0,1.5,1.0,0.0,16.6862,0.0,3.0,600.0,600.0,1.0,1.0,1.0,13218.8,6305.71498,6913.08502
W4_P1,45.0,9,4.2,22.112,46.08,68.192,20.0,20.0,1.5,1.0,0.0,22.492,0.0,3.0,600.0,600.0,1.0,1.0,1.0,13849.4,8499.7268,5349.6732
W4_P1,45.0,10,4.1202,8.996,52.48,61.476,20.0,20.0,1.5,1.0,0.0,15.8558,0.0,3.0,600.0,600.0,1.0,1.0,1.0,12650.0,5991.90682,6658.09318
W4_P1,45.0,11,3.9,7.652,55.04,62.692,9.028241,9.028241,0.677118,0.451412,0.0,40.0584,0.0,1.354236,270.847229,270.847229,0.451412,0.451412,0.451412,10011.014477,15138.06936,-5127.054883
W4_P1,45.0,12,3.2598,10.816,56.32,67.136,2.0,2.0,0.15,0.1,0.0,59.7262,0.0,0.3,60.0,60.0,0.1,0.1,0.1,8881.1,22570.53098,-13689.43098
W4_P1,45.0,13,2.6898,10.952,56.32,67.272,2.0,2.0,0.15,0.1,0.0,60.4322,0.0,0.3,60.0,60.0,0.1,0.1,0.1,8901.5,22837.32838,-13935.82838
W4_P1,45.0,14,3.63,15.152,52.48,67.632,2.0,2.0,0.15,0.1,0.0,59.852,0.0,0.3,60.0,60.0,0.1,0.1,0.1,9070.7,22618.0708,-13547.3708
W4_P1,45.0,15,3.8202,21.66,44.8,66.46,2.0,2.0,0.15,0.1,0.0,58.4898,0.0,0.3,60.0,60.0,0.1,0.1,0.1,9125.3,22103.29542,-12977.99542
W4_P1,45.0,16,3.75,17.16,33.28,50.44,2.0,2.0,0.15,0.1,0.0,42.54,0.0,0.3,60.0,60.0,0.1,0.1,0.1,7067.9,16075.866,-9007.966
W4_P1,45.0,17,3.1398,16.612,24.32,40.932,18.213108,18.213108,1.365983,0.910655,0.0,0.0,0.0,2.731966,546.393253,546.393253,0.910655,0.910655,0.910655,9966.209075,0.0,9966.209075
W4_P1,45.0,18,2.61,15.328,11.52,26.848,11.680964,11.680964,0.876072,0.584048,0.0,0.0,0.0,1.752145,350.428916,350.428916,0.584048,0.584048,0.584048,6603.593108,0.0,6603.593108
W4_P1,45.0,19,2.1198,9.416,0.0,9.416,3.516241,3.516241,0.263718,0.175812,0.0,0.0,0.0,0.527436,105.487229,105.487229,0.175812,0.175812,0.175812,2291.987677,0.0,2291.987677
W4_P1,45.0,20,1.86,8.808,0.0,8.808,3.348434,3.348434,0.251133,0.167422,0.0,0.0,0.0,0.502265,100.453012,100.453012,0.167422,0.167422,0.167422,2158.810699,0.0,2158.810699
W4_P1,45.0,21,1.6302,5.216,0.0,5.216,2.0,2.0,0.15,0.1,0.5642,0.0,0.0,0.3,60.0,60.0,0.1,0.1,0.1,1625.39508,0.0,1625.39508
W4_P1,45.0,22,1.56,6.152,0.0,6.152,2.213012,2.213012,0.165976,0.110651,0.0,0.0,0.0,0.331952,66.390361,66.390361,0.110651,0.110651,0.110651,1476.384964,0.0,1476.384964
W4_P1,45.0,23,1.4802,8.464,0.0,8.464,20.0,20.0,1.5,1.0,34.5162,0.0,0.0,3.0,600.0,600.0,1.0,1.0,1.0,18090.94688,0.0,18090.94688
W4_P1,36.0,0,1.3698,13.496,0.0,13.496,20.0,20.0,1.5,1.0,29.3738,-0.0,0.0,3.0,600.0,600.0,1.0,1.0,1.0,17084.98912,-0.0,17084.98912
W4_P1,36.0,1,1.0998,14.084,0.0,14.084,20.0,20.0,1.5,1.0,28.5158,-0.0,0.0,3.0,600.0,600.0,1.0,1.0,1.0,16879.40992,-0.0,16879.40992
W4_P1,36.0,2,0.7998,13.092,0.0,13.092,20.0,20.0,1.5,1.0,29.2078,-0.0,0.0,3.0,600.0,600.0,1.0,1.0,1.0,16967.55072,-0.0,16967.55072
W4_P1,36.0,3,0.99,20.168,0.0,20.168,20.0,20.0,1.5,1.0,22.322,-0.0,0.0,3.0,600.0,600.0,1.0,1.0,1.0,15671.2528,-0.0,15671.2528
W4_P1,36.0,4,1.1802,19.276,0.0,19.276,20.0,20.0,1.5,1.0,23.4042,-0.0,0.0,3.0,600.0,600.0,1.0,1.0,1.0,15907.99808,-0.0,15907.99808
W4_P1,36.0,5,1.6302,23.08,0.0,23.08,20.0,20.0,1.5,1.0,20.0502,-0.0,0.0,3.0,600.0,600.0,1.0,1.0,1.0,15330.18848,-0.0,15330.18848
W4_P1,36.0,6,2.5002,28.356,14.08,42.436,20.0,20.0,1.5,1.0,1.5642,-0.0,0.0,3.0,600.0,600.0,1.0,1.0,1.0,11481.58208,-0.0,11481.58208
W4_P1,36.0,7,3.3702,26.36,25.6,51.96,20.0,20.0,1.5,1.0,0.0,7.0898,0.0,3.0,600.0,600.0,1.0,1.0,1.0,12029.0,2679.23542,9349.76458
W4_P1,36.0,8,4.0098,25.076,37.12,62.196,20.0,20.0,1.5,1.0,0.0,16.6862,0.0,3.0,600.0,600.0,1.0,1.0,1.0,13218.8,6305.71498,6913.08502
W4_P1,36.0,9,4.2,22.112,46.08,68.192,13.786988,13.786988,1.034024,0.689349,0.0,35.384,0.0,2.068048,413.609639,413.609639,0.689349,0.689349,0.689349,12295.215036,13371.6136,-1076.398564
W4_P1,36.0,10,4.1202,8.996,52.48,61.476,2.0,2.0,0.15,0.1,0.0,53.2058,0.0,0.3,60.0,60.0,0.1,0.1,0.1,8147.3,20106.47182,-11959.17182
W4_P1,36.0,11,3.9,7.652,55.04,62.692,2.0,2.0,0.15,0.1,0.0,54.642,0.0,0.3,60.0,60.0,0.1,0.1,0.1,8252.9,20649.2118,-12396.3118
W4_P1,36.0,12,3.2598,10.816,56.32,67.136,2.0,2.0,0.15,0.1,0.0,59.7262,0.0,0.3,60.0,60.0,0.1,0.1,0.1,8881.1,22570.53098,-13689.43098
W4_P1,36.0,13,2.6898,10.952,56.32,67.272,2.0,2.0,0.15,0.1,0.0,60.4322,0.0,0.3,60.0,60.0,0.1,0.1,0.1,8901.5,22837.32838,-13935.82838
W4_P1,36.0,14,3.63,15.152,52.48,67.632,2.0,2.0,0.15,0.1,0.0,59.852,0.0,0.3,60.0,60.0,0.1,0.1,0.1,9070.7,22618.0708,-13547.3708
W4_P1,36.0,15,3.8202,21.66,44.8,66.46,2.0,2.0,0.15,0.1,0.0,58.4898,0.0,0.3,60.0,60.0,0.1,0.1,0.1,9125.3,22103.29542,-12977.99542
W4_P1,36.0,16,3.75,17.16,33.28,50.44,2.0,2.0,0.15,0.1,0.0,42.54,0.0,0.3,60.0,60.0,0.1,0.1,0.1,7067.9,16075.866,-9007.966
W4_P1,36.0,17,3.1398,16.612,24.32,40.932,2.0,2.0,0.15,0.1,0.0,33.6422,0.0,0.3,60.0,60.0,0.1,0.1,0.1,5910.5,12713.38738,-6802.88738
W4_P1,36.0,18,2.61,15.328,11.52,26.848,2.0,2.0,0.15,0.1,0.0,20.088,0.0,0.3,60.0,60.0,0.1,0.1,0.1,4181.9,7591.2552,-3409.3552
W4_P1,36.0,19,2.1198,9.416,0.0,9.416,2.0,2.0,0.15,0.1,0.0,3.1462,0.0,0.3,60.0,60.0,0.1,0.1,0.1,1912.7,1188.94898,723.75102
W4_P1,36.0,20,1.86,8.808,0.0,8.808,2.0,2.0,0.15,0.1,0.0,2.798,0.0,0.3,60.0,60.0,0.1,0.1,0.1,1821.5,1057.3642,764.1358
W4_P1,36.0,21,1.6302,5.216,0.0,5.216,2.0,2.0,0.15,0.1,0.5642,0.0,0.0,0.3,60.0,60.0,0.1,0.1,0.1,1625.39508,0.0,1625.39508
W4_P1,36.0,22,1.56,6.152,0.0,6.152,2.213012,2.213012,0.165976,0.110651,0.0,0.0,0.0,0.331952,66.390361,66.390361,0.110651,0.110651,0.110651,1476.384964,0.0,1476.384964
W4_P1,36.0,23,1.4802,8.464,0.0,8.464,20.0,20.0,1.5,1.0,34.5162,0.0,0.0,3.0,600.0,600.0,1.0,1.0,1.0,18090.94688,0.0,18090.94688
W4_P2,72.0,0,1.3698,13.496,0.0,13.496,20.0,20.0,1.5,1.0,29.3738,0.0,0.0,3.0,600.0,600.0,1.0,1.0,1.0,17084.98912,0.0,17084.98912
W4_P2,72.0,1,1.0998,14.084,0.0,14.084,20.0,20.0,1.5,1.0,28.5158,0.0,0.0,3.0,600.0,600.0,1.0,1.0,1.0,16879.40992,0.0,16879.40992
W4_P2,72.0,2,0.7998,13.092,0.0,13.092,20.0,20.0,1.5,1.0,29.2078,0.0,0.0,3.0,600.0,600.0,1.0,1.0,1.0,16967.55072,0.0,16967.55072
W4_P2,72.0,3,0.99,20.168,0.0,20.168,20.0,20.0,1.5,1.0,22.322,0.0,0.0,3.0,600.0,600.0,1.0,1.0,1.0,15671.2528,0.0,15671.2528
W4_P2,72.0,4,1.1802,19.276,0.0,19.276,20.0,20.0,1.5,1.0,23.4042,0.0,0.0,3.0,600.0,600.0,1.0,1.0,1.0,15907.99808,0.0,15907.99808
W4_P2,72.0,5,1.6302,23.08,0.0,23.08,20.0,20.0,1.5,1.0,20.0502,0.0,0.0,3.0,600.0,600.0,1.0,1.0,1.0,15330.18848,0.0,15330.18848
W4_P2,72.0,6,2.5002,28.356,0.0,28.356,20.0,20.0,1.5,1.0,15.6442,0.0,0.0,3.0,600.0,600.0,1.0,1.0,1.0,14612.97408,0.0,14612.97408
W4_P2,72.0,7,3.3702,26.36,3.2,29.56,20.0,20.0,1.5,1.0,15.3102,0.0,0.0,3.0,600.0,600.0,1.0,1.0,1.0,18640.41548,0.0,18640.41548
W4_P2,72.0,8,4.0098,25.076,10.88,35.956,20.0,20.0,1.5,1.0,9.5538,0.0,0.0,3.0,600.0,600.0,1.0,1.0,1.0,15872.97812,0.0,15872.97812
W4_P2,72.0,9,4.2,22.112,17.92,40.032,20.0,20.0,1.5,1.0,5.668,0.0,0.0,3.0,600.0,600.0,1.0,1.0,1.0,13912.9432,0.0,13912.9432
W4_P2,72.0,10,4.1202,8.996,24.96,33.956,20.0,20.0,1.5,1.0,11.6642,0.0,0.0,3.0,600.0,600.0,1.0,1.0,1.0,18706.95408,0.0,18706.95408
W4_P2,72.0,11,3.9,7.652,31.36,39.012,20.0,20.0,1.5,1.0,6.388,0.0,0.0,3.0,600.0,600.0,1.0,1.0,1.0,15039.7312,0.0,15039.7312
W4_P2,72.0,12,3.2598,10.816,35.84,46.656,20.0,20.0,1.5,1.0,0.0,1.8962,0.0,3.0,600.0,600.0,1.0,1.0,1.0,10926.2,716.57398,10209.62602
W4_P2,72.0,13,2.6898,10.952,37.12,48.072,20.0,20.0,1.5,1.0,0.0,3.8822,0.0,3.0,600.0,600.0,1.0,1.0,1.0,11100.2,1467.08338,9633.11662
W4_P2,72.0,14,3.63,15.152,32.0,47.152,20.0,20.0,1.5,1.0,0.0,2.022,0.0,3.0,600.0,600.0,1.0,1.0,1.0,11115.8,764.1138,10351.6862
W4_P2,72.0,15,3.8202,21.66,25.6,47.26,20.0,20.0,1.5,1.0,0.0,1.9398,0.0,3.0,600.0,600.0,1.0,1.0,1.0,11324.0,733.05042,10590.94958
W4_P2,72.0,16,3.75,17.16,19.2,36.36,20.0,20.0,1.5,1.0,8.89,0.0,0.0,3.0,600.0,600.0,1.0,1.0,1.0,15280.786,0.0,15280.786
W4_P2,72.0,17,3.1398,16.612,9.6,26.212,20.0,20.0,1.5,1.0,18.4278,0.0,0.0,3.0,600.0,600.0,1.0,1.0,1.0,19839.84572,0.0,19839.84572
W4_P2,72.0,18,2.61,15.328,3.2,18.528,20.0,20.0,1.5,1.0,25.582,0.0,0.0,3.0,600.0,600.0,1.0,1.0,1.0,28213.1968,0.0,28213.1968
W4_P2,72.0,19,2.1198,9.416,0.0,9.416,20.0,20.0,1.5,1.0,34.2038,0.0,0.0,3.0,600.0,600.0,1.0,1.0,1.0,33860.52912,0.0,33860.52912
W4_P2,72.0,20,1.86,8.808,0.0,8.808,20.0,20.0,1.5,1.0,34.552,0.0,0.0,3.0,600.0,600.0,1.0,1.0,1.0,34048.7248,0.0,34048.7248
W4_P2,72.0,21,1.6302,5.216,0.0,5.216,20.0,20.0,1.5,1.0,37.9142,0.0,0.0,3.0,600.0,600.0,1.0,1.0,1.0,28814.48508,0.0,28814.48508
W4_P2,72.0,22,1.56,6.152,0.0,6.152,20.0,20.0,1.5,1.0,36.908,0.0,0.0,3.0,600.0,600.0,1.0,1.0,1.0,28343.7192,0.0,28343.7192
W4_P2,72.0,23,1.4802,8.464,0.0,8.464,20.0,20.0,1.5,1.0,34.5162,0.0,0.0,3.0,600.0,600.0,1.0,1.0,1.0,18090.94688,0.0,18090.94688
W4_P2,63.0,0,1.3698,13.496,0.0,13.496,20.0,20.0,1.5,1.0,29.3738,0.0,0.0,3.0,600.0,600.0,1.0,1.0,1.0,17084.98912,0.0,17084.98912
W4_P2,63.0,1,1.0998,14.084,0.0,14.084,20.0,20.0,1.5,1.0,28.5158,0.0,0.0,3.0,600.0,600.0,1.0,1.0,1.0,16879.40992,0.0,16879.40992
W4_P2,63.0,2,0.7998,13.092,0.0,13.092,20.0,20.0,1.5,1.0,29.2078,0.0,0.0,3.0,600.0,600.0,1.0,1.0,1.0,16967.55072,0.0,16967.55072
W4_P2,63.0,3,0.99,20.168,0.0,20.168,20.0,20.0,1.5,1.0,22.322,0.0,0.0,3.0,600.0,600.0,1.0,1.0,1.0,15671.2528,0.0,15671.2528
W4_P2,63.0,4,1.1802,19.276,0.0,19.276,20.0,20.0,1.5,1.0,23.4042,0.0,0.0,3.0,600.0,600.0,1.0,1.0,1.0,15907.99808,0.0,15907.99808
W4_P2,63.0,5,1.6302,23.08,0.0,23.08,20.0,20.0,1.5,1.0,20.0502,0.0,0.0,3.0,600.0,600.0,1.0,1.0,1.0,15330.18848,0.0,15330.18848
W4_P2,63.0,6,2.5002,28.356,0.0,28.356,20.0,20.0,1.5,1.0,15.6442,0.0,0.0,3.0,600.0,600.0,1.0,1.0,1.0,14612.97408,0.0,14612.97408
W4_P2,63.0,7,3.3702,26.36,3.2,29.56,20.0,20.0,1.5,1.0,15.3102,0.0,0.0,3.0,600.0,600.0,1.0,1.0,1.0,18640.41548,0.0,18640.41548
W4_P2,63.0,8,4.0098,25.076,10.88,35.956,20.0,20.0,1.5,1.0,9.5538,0.0,0.0,3.0,600.0,600.0,1.0,1.0,1.0,15872.97812,0.0,15872.97812
W4_P2,63.0,9,4.2,22.112,17.92,40.032,20.0,20.0,1.5,1.0,5.668,0.0,0.0,3.0,600.0,600.0,1.0,1.0,1.0,13912.9432,0.0,13912.9432
W4_P2,63.0,10,4.1202,8.996,24.96,33.956,14.378699,14.378699,1.078402,0.718935,0.0,0.0,0.0,2.156805,431.360964,431.360964,0.718935,0.718935,0.718935,7941.431504,0.0,7941.431504
W4_P2,63.0,11,3.9,7.652,31.36,39.012,16.921446,16.921446,1.269108,0.846072,0.0,0.0,0.0,2.538217,507.643373,507.643373,0.846072,0.846072,0.846072,9143.899663,0.0,9143.899663
W4_P2,63.0,12,3.2598,10.816,35.84,46.656,20.0,20.0,1.5,1.0,0.0,1.8962,0.0,3.0,600.0,600.0,1.0,1.0,1.0,10926.2,716.57398,10209.62602
W4_P2,63.0,13,2.6898,10.952,37.12,48.072,20.0,20.0,1.5,1.0,0.0,3.8822,0.0,3.0,600.0,600.0,1.0,1.0,1.0,11100.2,1467.08338,9633.11662
W4_P2,63.0,14,3.63,15.152,32.0,47.152,20.0,20.0,1.5,1.0,0.0,2.022,0.0,3.0,600.0,600.0,1.0,1.0,1.0,11115.8,764.1138,10351.6862
W4_P2,63.0,15,3.8202,21.66,25.6,47.26,20.0,20.0,1.5,1.0,0.0,1.9398,0.0,3.0,600.0,600.0,1.0,1.0,1.0,11324.0,733.05042,10590.94958
W4_P2,63.0,16,3.75,17.16,19.2,36.36,20.0,20.0,1.5,1.0,8.89,0.0,0.0,3.0,600.0,600.0,1.0,1.0,1.0,15280.786,0.0,15280.786
W4_P2,63.0,17,3.1398,16.612,9.6,26.212,20.0,20.0,1.5,1.0,18.4278,0.0,0.0,3.0,600.0,600.0,1.0,1.0,1.0,19839.84572,0.0,19839.84572
W4_P2,63.0,18,2.61,15.328,3.2,18.528,7.671325,7.671325,0.575349,0.383566,0.0,0.0,0.0,1.150699,230.139759,230.139759,0.383566,0.383566,0.383566,4602.182024,0.0,4602.182024
W4_P2,63.0,19,2.1198,9.416,0.0,9.416,3.516241,3.516241,0.263718,0.175812,0.0,0.0,0.0,0.527436,105.487229,105.487229,0.175812,0.175812,0.175812,2291.987677,0.0,2291.987677
W4_P2,63.0,20,1.86,8.808,0.0,8.808,3.348434,3.348434,0.251133,0.167422,0.0,0.0,0.0,0.502265,100.453012,100.453012,0.167422,0.167422,0.167422,2158.810699,0.0,2158.810699
W4_P2,63.0,21,1.6302,5.216,0.0,5.216,14.163855,14.163855,1.062289,0.708193,25.8042,0.0,0.0,2.124578,424.915663,424.915663,0.708193,0.708193,0.708193,19998.959514,0.0,19998.959514
W4_P2,63.0,22,1.56,6.152,0.0,6.152,20.0,20.0,1.5,1.0,36.908,0.0,0.0,3.0,600.0,600.0,1.0,1.0,1.0,28343.7192,0.0,28343.7192
W4_P2,63.0,23,1.4802,8.464,0.0,8.464,20.0,20.0,1.5,1.0,34.5162,0.0,0.0,3.0,600.0,600.0,1.0,1.0,1.0,18090.94688,0.0,18090.94688
W4_P2,54.0,0,1.3698,13.496,0.0,13.496,20.0,20.0,1.5,1.0,29.3738,0.0,0.0,3.0,600.0,600.0,1.0,1.0,1.0,17084.98912,0.0,17084.98912
W4_P2,54.0,1,1.0998,14.084,0.0,14.084,20.0,20.0,1.5,1.0,28.5158,0.0,0.0,3.0,600.0,600.0,1.0,1.0,1.0,16879.40992,0.0,16879.40992
W4_P2,54.0,2,0.7998,13.092,0.0,13.092,20.0,20.0,1.5,1.0,29.2078,-0.0,0.0,3.0,600.0,600.0,1.0,1.0,1.0,16967.55072,-0.0,16967.55072
W4_P2,54.0,3,0.99,20.168,0.0,20.168,20.0,20.0,1.5,1.0,22.322,0.0,0.0,3.0,600.0,600.0,1.0,1.0,1.0,15671.2528,0.0,15671.2528
W4_P2,54.0,4,1.1802,19.276,0.0,19.276,20.0,20.0,1.5,1.0,23.4042,0.0,0.0,3.0,600.0,600.0,1.0,1.0,1.0,15907.99808,0.0,15907.99808
W4_P2,54.0,5,1.6302,23.08,0.0,23.08,20.0,20.0,1.5,1.0,20.0502,0.0,0.0,3.0,600.0,600.0,1.0,1.0,1.0,15330.18848,0.0,15330.18848
W4_P2,54.0,6,2.5002,28.356,0.0,28.356,20.0,20.0,1.5,1.0,15.6442,0.0,0.0,3.0,600.0,600.0,1.0,1.0,1.0,14612.97408,0.0,14612.97408
W4_P2,54.0,7,3.3702,26.36,3.2,29.56,12.62159,12.62159,0.946619,0.63108,0.0,0.0,0.0,1.893239,378.647711,378.647711,0.63108,0.63108,0.63108,7495.290829,0.0,7495.290829
W4_P2,54.0,8,4.0098,25.076,10.88,35.956,15.395759,15.395759,1.154682,0.769788,0.0,0.0,0.0,2.309364,461.872771,461.872771,0.769788,0.769788,0.769788,8918.249123,0.0,8918.249123
W4_P2,54.0,9,4.2,22.112,17.92,40.032,17.268434,17.268434,1.295133,0.863422,0.0,0.0,0.0,2.590265,518.053012,518.053012,0.863422,0.863422,0.863422,9786.898699,0.0,9786.898699
W4_P2,54.0,10,4.1202,8.996,24.96,33.956,14.378699,14.378699,1.078402,0.718935,0.0,0.0,0.0,2.156805,431.360964,431.360964,0.718935,0.718935,0.718935,7941.431504,0.0,7941.431504
W4_P2,54.0,11,3.9,7.652,31.36,39.012,16.921446,16.921446,1.269108,0.846072,0.0,0.0,0.0,2.538217,507.643373,507.643373,0.846072,0.846072,0.846072,9143.899663,0.0,9143.899663
W4_P2,54.0,12,3.2598,10.816,35.84,46.656,20.0,20.0,1.5,1.0,0.0,1.8962,0.0,3.0,600.0,600.0,1.0,1.0,1.0,10926.2,716.57398,10209.62602
W4_P2,54.0,13,2.6898,10.952,37.12,48.072,20.0,20.0,1.5,1.0,0.0,3.8822,0.0,3.0,600.0,600.0,1.0,1.0,1.0,11100.2,1467.08338,9633.11662
W4_P2,54.0,14,3.63,15.152,32.0,47.152,20.0,20.0,1.5,1.0,0.0,2.022,0.0,3.0,600.0,600.0,1.0,1.0,1.0,11115.8,764.1138,10351.6862
W4_P2,54.0,15,3.8202,21.66,25.6,47.26,20.0,20.0,1.5,1.0,0.0,1.9398,0.0,3.0,600.0,600.0,1.0,1.0,1.0,11324.0,733.05042,10590.94958
W4_P2,54.0,16,3.75,17.16,19.2,36.36,15.715663,15.715663,1.178675,0.785783,0.0,0.0,0.0,2.357349,471.46988,471.46988,0.785783,0.785783,0.785783,8809.273012,0.0,8809.273012
W4_P2,54.0,17,3.1398,16.612,9.6,26.212,8.949398,8.949398,0.671205,0.44747,0.0,4.5022,0.0,1.34241,268.481928,268.481928,0.44747,0.44747,0.44747,5882.491807,1701.38138,4181.110427
W4_P2,54.0,18,2.61,15.328,3.2,18.528,7.671325,7.671325,0.575349,0.383566,0.0,0.0,0.0,1.150699,230.139759,230.139759,0.383566,0.383566,0.383566,4602.182024,0.0,4602.182024
W4_P2,54.0,19,2.1198,9.416,0.0,9.416,3.516241,3.516241,0.263718,0.175812,0.0,0.0,0.0,0.527436,105.487229,105.487229,0.175812,0.175812,0.175812,2291.987677,0.0,2291.987677
W4_P2,54.0,20,1.86,8.808,0.0,8.808,3.348434,3.348434,0.251133,0.167422,0.0,0.0,0.0,0.502265,100.453012,100.453012,0.167422,0.167422,0.167422,2158.810699,0.0,2158.810699
W4_P2,54.0,21,1.6302,5.216,0.0,5.216,2.0,2.0,0.15,0.1,0.5642,0.0,0.0,0.3,60.0,60.0,0.1,0.1,0.1,1625.39508,0.0,1625.39508
W4_P2,54.0,22,1.56,6.152,0.0,6.152,2.213012,2.213012,0.165976,0.110651,0.0,0.0,0.0,0.331952,66.390361,66.390361,0.110651,0.110651,0.110651,1476.384964,0.0,1476.384964
W4_P2,54.0,23,1.4802,8.464,0.0,8.464,20.0,20.0,1.5,1.0,34.5162,0.0,0.0,3.0,600.0,600.0,1.0,1.0,1.0,18090.94688,0.0,18090.94688
W4_P2,45.0,0,1.3698,13.496,0.0,13.496,20.0,20.0,1.5,1.0,29.3738,0.0,0.0,3.0,600.0,600.0,1.0,1.0,1.0,17084.98912,0.0,17084.98912
W4_P2,45.0,1,1.0998,14.084,0.0,14.084,20.0,20.0,1.5,1.0,28.5158,-0.0,0.0,3.0,600.0,600.0,1.0,1.0,1.0,16879.40992,-0.0,16879.40992
W4_P2,45.0,2,0.7998,13.092,0.0,13.092,20.0,20.0,1.5,1.0,29.2078,-0.0,0.0,3.0,600.0,600.0,1.0,1.0,1.0,16967.55072,-0.0,16967.55072
W4_P2,45.0,3,0.99,20.168,0.0,20.168,20.0,20.0,1.5,1.0,22.322,0.0,0.0,3.0,600.0,600.0,1.0,1.0,1.0,15671.2528,0.0,15671.2528
W4_P2,45.0,4,1.1802,19.276,0.0,19.276,20.0,20.0,1.5,1.0,23.4042,0.0,0.0,3.0,600.0,600.0,1.0,1.0,1.0,15907.99808,0.0,15907.99808
W4_P2,45.0,5,1.6302,23.08,0.0,23.08,20.0,20.0,1.5,1.0,20.0502,0.0,0.0,3.0,600.0,600.0,1.0,1.0,1.0,15330.18848,0.0,15330.18848
W4_P2,45.0,6,2.5002,28.356,0.0,28.356,20.0,20.0,1.5,1.0,15.6442,0.0,0.0,3.0,600.0,600.0,1.0,1.0,1.0,14612.97408,0.0,14612.97408
W4_P2,45.0,7,3.3702,26.36,3.2,29.56,12.62159,12.62159,0.946619,0.63108,0.0,0.0,0.0,1.893239,378.647711,378.647711,0.63108,0.63108,0.63108,7495.290829,0.0,7495.290829
W4_P2,45.0,8,4.0098,25.076,10.88,35.956,15.395759,15.395759,1.154682,0.769788,0.0,0.0,0.0,2.309364,461.872771,461.872771,0.769788,0.769788,0.769788,8918.249123,0.0,8918.249123
W4_P2,45.0,9,4.2,22.112,17.92,40.032,17.268434,17.268434,1.295133,0.863422,0.0,0.0,0.0,2.590265,518.053012,518.053012,0.863422,0.863422,0.863422,9786.898699,0.0,9786.898699
W4_P2,45.0,10,4.1202,8.996,24.96,33.956,14.378699,14.378699,1.078402,0.718935,0.0,0.0,0.0,2.156805,431.360964,431.360964,0.718935,0.718935,0.718935,7941.431504,0.0,7941.431504
W4_P2,45.0,11,3.9,7.652,31.36,39.012,2.0,2.0,0.15,0.1,0.0,30.962,0.0,0.3,60.0,60.0,0.1,0.1,0.1,5411.3,11700.5398,-6289.2398
W4_P2,45.0,12,3.2598,10.816,35.84,46.656,20.0,20.0,1.5,1.0,0.0,1.8962,0.0,3.0,600.0,600.0,1.0,1.0,1.0,10926.2,716.57398,10209.62602
W4_P2,45.0,13,2.6898,10.952,37.12,48.072,20.0,20.0,1.5,1.0,0.0,3.8822,0.0,3.0,600.0,600.0,1.0,1.0,1.0,11100.2,1467.08338,9633.11662
W4_P2,45.0,14,3.63,15.152,32.0,47.152,13.799518,13.799518,1.034964,0.689976,0.0,14.888,0.0,2.069928,413.985542,413.985542,0.689976,0.689976,0.689976,9564.749446,5626.1752,3938.574246
W4_P2,45.0,15,3.8202,21.66,25.6,47.26,2.0,2.0,0.15,0.1,0.0,39.2898,0.0,0.3,60.0,60.0,0.1,0.1,0.1,6821.3,14847.61542,-8026.31542
W4_P2,45.0,16,3.75,17.16,19.2,36.36,2.0,2.0,0.15,0.1,0.0,28.46,0.0,0.3,60.0,60.0,0.1,0.1,0.1,5378.3,10755.034,-5376.734
W4_P2,45.0,17,3.1398,16.612,9.6,26.212,2.0,2.0,0.15,0.1,0.0,18.9222,0.0,0.3,60.0,60.0,0.1,0.1,0.1,4144.1,7150.69938,-3006.59938
W4_P2,45.0,18,2.61,15.328,3.2,18.528,7.671325,7.671325,0.575349,0.383566,0.0,0.0,0.0,1.150699,230.139759,230.139759,0.383566,0.383566,0.383566,4602.182024,0.0,4602.182024
W4_P2,45.0,19,2.1198,9.416,0.0,9.416,3.516241,3.516241,0.263718,0.175812,0.0,0.0,0.0,0.527436,105.487229,105.487229,0.175812,0.175812,0.175812,2291.987677,0.0,2291.987677
W4_P2,45.0,20,1.86,8.808,0.0,8.808,3.348434,3.348434,0.251133,0.167422,0.0,0.0,0.0,0.502265,100.453012,100.453012,0.167422,0.167422,0.167422,2158.810699,0.0,2158.810699
W4_P2,45.0,21,1.6302,5.216,0.0,5.216,2.0,2.0,0.15,0.1,0.5642,0.0,0.0,0.3,60.0,60.0,0.1,0.1,0.1,1625.39508,0.0,1625.39508
W4_P2,45.0,22,1.56,6.152,0.0,6.152,2.0,2.0,0.15,0.1,0.0,0.442,0.0,0.3,60.0,60.0,0.1,0.1,0.1,1423.1,167.0318,1256.0682
W4_P2,45.0,23,1.4802,8.464,0.0,8.464,20.0,20.0,1.5,1.0,34.5162,-0.0,0.0,3.0,600.0,600.0,1.0,1.0,1.0,18090.94688,-0.0,18090.94688
W4_P2,36.0,0,1.3698,13.496,0.0,13.496,20.0,20.0,1.5,1.0,29.3738,-0.0,0.0,3.0,600.0,600.0,1.0,1.0,1.0,17084.98912,-0.0,17084.98912
W4_P2,36.0,1,1.0998,14.084,0.0,14.084,20.0,20.0,1.5,1.0,28.5158,-0.0,0.0,3.0,600.0,600.0,1.0,1.0,1.0,16879.40992,-0.0,16879.40992
W4_P2,36.0,2,0.7998,13.092,0.0,13.092,20.0,20.0,1.5,1.0,29.2078,-0.0,0.0,3.0,600.0,600.0,1.0,1.0,1.0,16967.55072,-0.0,16967.55072
W4_P2,36.0,3,0.99,20.168,0.0,20.168,20.0,20.0,1.5,1.0,22.322,-0.0,0.0,3.0,600.0,600.0,1.0,1.0,1.0,15671.2528,-0.0,15671.2528
W4_P2,36.0,4,1.1802,19.276,0.0,19.276,20.0,20.0,1.5,1.0,23.4042,0.0,0.0,3.0,600.0,600.0,1.0,1.0,1.0,15907.99808,0.0,15907.99808
W4_P2,36.0,5,1.6302,23.08,0.0,23.08,20.0,20.0,1.5,1.0,20.0502,-0.0,0.0,3.0,600.0,600.0,1.0,1.0,1.0,15330.18848,-0.0,15330.18848
W4_P2,36.0,6,2.5002,28.356,0.0,28.356,20.0,20.0,1.5,1.0,15.6442,0.0,0.0,3.0,600.0,600.0,1.0,1.0,1.0,14612.97408,0.0,14612.97408
W4_P2,36.0,7,3.3702,26.36,3.2,29.56,6.092434,6.092434,0.456933,0.304622,0.0,13.548,0.0,0.913865,182.773012,182.773012,0.304622,0.304622,0.304622,5862.022299,5119.7892,742.233099
W4_P2,36.0,8,4.0098,25.076,10.88,35.956,15.395759,15.395759,1.154682,0.769788,0.0,0.0,0.0,2.309364,461.872771,461.872771,0.769788,0.769788,0.769788,8918.249123,0.0,8918.249123
W4_P2,36.0,9,4.2,22.112,17.92,40.032,17.268434,17.268434,1.295133,0.863422,0.0,0.0,0.0,2.590265,518.053012,518.053012,0.863422,0.863422,0.863422,9786.898699,0.0,9786.898699
W4_P2,36.0,10,4.1202,8.996,24.96,33.956,14.378699,14.378699,1.078402,0.718935,0.0,0.0,0.0,2.156805,431.360964,431.360964,0.718935,0.718935,0.718935,7941.431504,0.0,7941.431504
W4_P2,36.0,11,3.9,7.652,31.36,39.012,2.0,2.0,0.15,0.1,0.0,30.962,0.0,0.3,60.0,60.0,0.1,0.1,0.1,5411.3,11700.5398,-6289.2398
W4_P2,36.0,12,3.2598,10.816,35.84,46.656,2.0,2.0,0.15,0.1,0.0,39.2462,0.0,0.3,60.0,60.0,0.1,0.1,0.1,6423.5,14831.13898,-8407.63898
W4_P2,36.0,13,2.6898,10.952,37.12,48.072,2.0,2.0,0.15,0.1,0.0,41.2322,0.0,0.3,60.0,60.0,0.1,0.1,0.1,6597.5,15581.64838,-8984.14838
W4_P2,36.0,14,3.63,15.152,32.0,47.152,2.0,2.0,0.15,0.1,0.0,39.372,0.0,0.3,60.0,60.0,0.1,0.1,0.1,6613.1,14878.6788,-8265.5788
W4_P2,36.0,15,3.8202,21.66,25.6,47.26,2.0,2.0,0.15,0.1,0.0,39.2898,0.0,0.3,60.0,60.0,0.1,0.1,0.1,6821.3,14847.61542,-8026.31542
W4_P2,36.0,16,3.75,17.16,19.2,36.36,2.0,2.0,0.15,0.1,0.0,28.46,0.0,0.3,60.0,60.0,0.1,0.1,0.1,5378.3,10755.034,-5376.734
W4_P2,36.0,17,3.1398,16.612,9.6,26.212,2.0,2.0,0.15,0.1,0.0,18.9222,0.0,0.3,60.0,60.0,0.1,0.1,0.1,4144.1,7150.69938,-3006.59938
W4_P2,36.0,18,2.61,15.328,3.2,18.528,2.0,2.0,0.15,0.1,0.0,11.768,0.0,0.3,60.0,60.0,0.1,0.1,0.1,3183.5,4447.1272,-1263.6272
W4_P2,36.0,19,2.1198,9.416,0.0,9.416,3.516241,3.516241,0.263718,0.175812,0.0,0.0,0.0,0.527436,105.487229,105.487229,0.175812,0.175812,0.175812,2291.987677,0.0,2291.987677
W4_P2,36.0,20,1.86,8.808,0.0,8.808,3.348434,3.348434,0.251133,0.167422,0.0,0.0,0.0,0.502265,100.453012,100.453012,0.167422,0.167422,0.167422,2158.810699,0.0,2158.810699
W4_P2,36.0,21,1.6302,5.216,0.0,5.216,2.0,2.0,0.15,0.1,0.5642,0.0,0.0,0.3,60.0,60.0,0.1,0.1,0.1,1625.39508,0.0,1625.39508
W4_P2,36.0,22,1.56,6.152,0.0,6.152,2.0,2.0,0.15,0.1,0.0,0.442,0.0,0.3,60.0,60.0,0.1,0.1,0.1,1423.1,167.0318,1256.0682
W4_P2,36.0,23,1.4802,8.464,0.0,8.464,20.0,20.0,1.5,1.0,34.5162,-0.0,0.0,3.0,600.0,600.0,1.0,1.0,1.0,18090.94688,-0.0,18090.94688
W4_P3,72.0,0,1.3698,13.496,0.0,13.496,20.0,20.0,1.5,1.0,29.3738,0.0,0.0,3.0,600.0,600.0,1.0,1.0,1.0,17084.98912,0.0,17084.98912
W4_P3,72.0,1,1.0998,14.084,0.0,14.084,20.0,20.0,1.5,1.0,28.5158,0.0,0.0,3.0,600.0,600.0,1.0,1.0,1.0,16879.40992,0.0,16879.40992
W4_P3,72.0,2,0.7998,13.092,0.0,13.092,20.0,20.0,1.5,1.0,29.2078,0.0,0.0,3.0,600.0,600.0,1.0,1.0,1.0,16967.55072,0.0,16967.55072
W4_P3,72.0,3,0.99,20.168,0.0,20.168,20.0,20.0,1.5,1.0,22.322,0.0,0.0,3.0,600.0,600.0,1.0,1.0,1.0,15671.2528,0.0,15671.2528
W4_P3,72.0,4,1.1802,19.276,0.0,19.276,20.0,20.0,1.5,1.0,23.4042,0.0,0.0,3.0,600.0,600.0,1.0,1.0,1.0,15907.99808,0.0,15907.99808
W4_P3,72.0,5,1.6302,23.08,0.0,23.08,20.0,20.0,1.5,1.0,20.0502,0.0,0.0,3.0,600.0,600.0,1.0,1.0,1.0,15330.18848,0.0,15330.18848
W4_P3,72.0,6,2.5002,28.356,0.0,28.356,20.0,20.0,1.5,1.0,15.6442,0.0,0.0,3.0,600.0,600.0,1.0,1.0,1.0,14612.97408,0.0,14612.97408
W4_P3,72.0,7,3.3702,26.36,1.28,27.64,20.0,20.0,1.5,1.0,17.2302,0.0,0.0,3.0,600.0,600.0,1.0,1.0,1.0,19576.22348,0.0,19576.22348
W4_P3,72.0,8,4.0098,25.076,3.2,28.276,20.0,20.0,1.5,1.0,17.2338,0.0,0.0,3.0,600.0,600.0,1.0,1.0,1.0,19616.21012,0.0,19616.21012
W4_P3,72.0,9,4.2,22.112,5.12,27.232,20.0,20.0,1.5,1.0,18.468,0.0,0.0,3.0,600.0,600.0,1.0,1.0,1.0,20151.6632,0.0,20151.6632
W4_P3,72.0,10,4.1202,8.996,7.68,16.676,20.0,20.0,1.5,1.0,28.9442,0.0,0.0,3.0,600.0,600.0,1.0,1.0,1.0,30498.82608,0.0,30498.82608
W4_P3,72.0,11,3.9,7.652,11.52,19.172,20.0,20.0,1.5,1.0,26.228,0.0,0.0,3.0,600.0,600.0,1.0,1.0,1.0,28578.5472,0.0,28578.5472
W4_P3,72.0,12,3.2598,10.816,14.08,24.896,20.0,20.0,1.5,1.0,19.8638,0.0,0.0,3.0,600.0,600.0,1.0,1.0,1.0,24253.71312,0.0,24253.71312
W4_P3,72.0,13,2.6898,10.952,14.08,25.032,20.0,20.0,1.5,1.0,19.1578,0.0,0.0,3.0,600.0,600.0,1.0,1.0,1.0,23707.61872,0.0,23707.61872
W4_P3,72.0,14,3.63,15.152,11.52,26.672,20.0,20.0,1.5,1.0,18.458,0.0,0.0,3.0,600.0,600.0,1.0,1.0,1.0,23468.8992,0.0,23468.8992
W4_P3,72.0,15,3.8202,21.66,7.04,28.7,20.0,20.0,1.5,1.0,16.6202,0.0,0.0,3.0,600.0,600.0,1.0,1.0,1.0,19191.90948,0.0,19191.90948
W4_P3,72.0,16,3.75,17.16,5.12,22.28,20.0,20.0,1.5,1.0,22.97,0.0,0.0,3.0,600.0,600.0,1.0,1.0,1.0,22143.378,0.0,22143.378
W4_P3,72.0,17,3.1398,16.612,3.2,19.812,20.0,20.0,1.5,1.0,24.8278,0.0,0.0,3.0,600.0,600.0,1.0,1.0,1.0,22959.20572,0.0,22959.20572
W4_P3,72.0,18,2.61,15.328,1.28,16.608,20.0,20.0,1.5,1.0,27.502,0.0,0.0,3.0,600.0,600.0,1.0,1.0,1.0,29523.4048,0.0,29523.4048
W4_P3,72.0,19,2.1198,9.416,0.0,9.416,20.0,20.0,1.5,1.0,34.2038,0.0,0.0,3.0,600.0,600.0,1.0,1.0,1.0,33860.52912,0.0,33860.52912
W4_P3,72.0,20,1.86,8.808,0.0,8.808,20.0,20.0,1.5,1.0,34.552,0.0,0.0,3.0,600.0,600.0,1.0,1.0,1.0,34048.7248,0.0,34048.7248
W4_P3,72.0,21,1.6302,5.216,0.0,5.216,20.0,20.0,1.5,1.0,37.9142,0.0,0.0,3.0,600.0,600.0,1.0,1.0,1.0,28814.48508,0.0,28814.48508
W4_P3,72.0,22,1.56,6.152,0.0,6.152,20.0,20.0,1.5,1.0,36.908,0.0,0.0,3.0,600.0,600.0,1.0,1.0,1.0,28343.7192,0.0,28343.7192
W4_P3,72.0,23,1.4802,8.464,0.0,8.464,20.0,20.0,1.5,1.0,34.5162,0.0,0.0,3.0,600.0,600.0,1.0,1.0,1.0,18090.94688,0.0,18090.94688
W4_P3,63.0,0,1.3698,13.496,0.0,13.496,20.0,20.0,1.5,1.0,29.3738,0.0,0.0,3.0,600.0,600.0,1.0,1.0,1.0,17084.98912,0.0,17084.98912
W4_P3,63.0,1,1.0998,14.084,0.0,14.084,20.0,20.0,1.5,1.0,28.5158,0.0,0.0,3.0,600.0,600.0,1.0,1.0,1.0,16879.40992,0.0,16879.40992
W4_P3,63.0,2,0.7998,13.092,0.0,13.092,20.0,20.0,1.5,1.0,29.2078,0.0,0.0,3.0,600.0,600.0,1.0,1.0,1.0,16967.55072,0.0,16967.55072
W4_P3,63.0,3,0.99,20.168,0.0,20.168,20.0,20.0,1.5,1.0,22.322,0.0,0.0,3.0,600.0,600.0,1.0,1.0,1.0,15671.2528,0.0,15671.2528
W4_P3,63.0,4,1.1802,19.276,0.0,19.276,20.0,20.0,1.5,1.0,23.4042,0.0,0.0,3.0,600.0,600.0,1.0,1.0,1.0,15907.99808,0.0,15907.99808
W4_P3,63.0,5,1.6302,23.08,0.0,23.08,20.0,20.0,1.5,1.0,20.0502,0.0,0.0,3.0,600.0,600.0,1.0,1.0,1.0,15330.18848,0.0,15330.18848
W4_P3,63.0,6,2.5002,28.356,0.0,28.356,20.0,20.0,1.5,1.0,15.6442,0.0,0.0,3.0,600.0,600.0,1.0,1.0,1.0,14612.97408,0.0,14612.97408
W4_P3,63.0,7,3.3702,26.36,1.28,27.64,20.0,20.0,1.5,1.0,17.2302,0.0,0.0,3.0,600.0,600.0,1.0,1.0,1.0,19576.22348,0.0,19576.22348
W4_P3,63.0,8,4.0098,25.076,3.2,28.276,20.0,20.0,1.5,1.0,17.2338,0.0,0.0,3.0,600.0,600.0,1.0,1.0,1.0,19616.21012,0.0,19616.21012
W4_P3,63.0,9,4.2,22.112,5.12,27.232,20.0,20.0,1.5,1.0,18.468,0.0,0.0,3.0,600.0,600.0,1.0,1.0,1.0,20151.6632,0.0,20151.6632
W4_P3,63.0,10,4.1202,8.996,7.68,16.676,6.050988,6.050988,0.453824,0.302549,0.0,-0.0,0.0,0.907648,181.529639,181.529639,0.302549,0.302549,0.302549,3784.654636,-0.0,3784.654636
W4_P3,63.0,11,3.9,7.652,11.52,19.172,7.36,7.36,0.552,0.368,0.0,-0.0,0.0,1.104,220.8,220.8,0.368,0.368,0.368,4371.304,-0.0,4371.304
W4_P3,63.0,12,3.2598,10.816,14.08,24.896,10.427084,10.427084,0.782031,0.521354,-0.0,0.0,0.0,1.564063,312.81253,312.81253,0.521354,0.521354,0.521354,5920.335147,0.0,5920.335147
W4_P3,63.0,13,2.6898,10.952,14.08,25.032,10.767325,10.767325,0.807549,0.538366,0.0,-0.0,0.0,1.615099,323.019759,323.019759,0.538366,0.538366,0.538366,6025.846424,-0.0,6025.846424
W4_P3,63.0,14,3.63,15.152,11.52,26.672,20.0,20.0,1.5,1.0,18.458,0.0,0.0,3.0,600.0,600.0,1.0,1.0,1.0,23468.8992,0.0,23468.8992
W4_P3,63.0,15,3.8202,21.66,7.04,28.7,20.0,20.0,1.5,1.0,16.6202,0.0,0.0,3.0,600.0,600.0,1.0,1.0,1.0,19191.90948,0.0,19191.90948
W4_P3,63.0,16,3.75,17.16,5.12,22.28,20.0,20.0,1.5,1.0,22.97,0.0,0.0,3.0,600.0,600.0,1.0,1.0,1.0,22143.378,0.0,22143.378
W4_P3,63.0,17,3.1398,16.612,3.2,19.812,20.0,20.0,1.5,1.0,24.8278,0.0,0.0,3.0,600.0,600.0,1.0,1.0,1.0,22959.20572,0.0,22959.20572
W4_P3,63.0,18,2.61,15.328,1.28,16.608,6.746024,6.746024,0.505952,0.337301,0.0,-0.0,0.0,1.011904,202.380723,202.380723,0.337301,0.337301,0.337301,4140.317928,-0.0,4140.317928
W4_P3,63.0,19,2.1198,9.416,0.0,9.416,18.648578,18.648578,1.398643,0.932429,31.3996,0.0,0.0,2.797287,559.457349,559.457349,0.932429,0.932429,0.932429,31272.380905,0.0,31272.380905
W4_P3,63.0,20,1.86,8.808,0.0,8.808,20.0,20.0,1.5,1.0,34.552,0.0,0.0,3.0,600.0,600.0,1.0,1.0,1.0,34048.7248,0.0,34048.7248
W4_P3,63.0,21,1.6302,5.216,0.0,5.216,20.0,20.0,1.5,1.0,37.9142,0.0,0.0,3.0,600.0,600.0,1.0,1.0,1.0,28814.48508,0.0,28814.48508
W4_P3,63.0,22,1.56,6.152,0.0,6.152,20.0,20.0,1.5,1.0,36.908,0.0,0.0,3.0,600.0,600.0,1.0,1.0,1.0,28343.7192,0.0,28343.7192
W4_P3,63.0,23,1.4802,8.464,0.0,8.464,20.0,20.0,1.5,1.0,34.5162,0.0,0.0,3.0,600.0,600.0,1.0,1.0,1.0,18090.94688,0.0,18090.94688
W4_P3,54.0,0,1.3698,13.496,0.0,13.496,20.0,20.0,1.5,1.0,29.3738,0.0,0.0,3.0,600.0,600.0,1.0,1.0,1.0,17084.98912,0.0,17084.98912
W4_P3,54.0,1,1.0998,14.084,0.0,14.084,20.0,20.0,1.5,1.0,28.5158,0.0,0.0,3.0,600.0,600.0,1.0,1.0,1.0,16879.40992,0.0,16879.40992
W4_P3,54.0,2,0.7998,13.092,0.0,13.092,20.0,20.0,1.5,1.0,29.2078,0.0,0.0,3.0,600.0,600.0,1.0,1.0,1.0,16967.55072,0.0,16967.55072
W4_P3,54.0,3,0.99,20.168,0.0,20.168,20.0,20.0,1.5,1.0,22.322,0.0,0.0,3.0,600.0,600.0,1.0,1.0,1.0,15671.2528,0.0,15671.2528
W4_P3,54.0,4,1.1802,19.276,0.0,19.276,20.0,20.0,1.5,1.0,23.4042,0.0,0.0,3.0,600.0,600.0,1.0,1.0,1.0,15907.99808,0.0,15907.99808
W4_P3,54.0,5,1.6302,23.08,0.0,23.08,20.0,20.0,1.5,1.0,20.0502,0.0,0.0,3.0,600.0,600.0,1.0,1.0,1.0,15330.18848,0.0,15330.18848
W4_P3,54.0,6,2.5002,28.356,0.0,28.356,20.0,20.0,1.5,1.0,15.6442,0.0,0.0,3.0,600.0,600.0,1.0,1.0,1.0,14612.97408,0.0,14612.97408
W4_P3,54.0,7,3.3702,26.36,1.28,27.64,11.696289,11.696289,0.877222,0.584814,0.0,-0.0,0.0,1.754443,350.888675,350.888675,0.584814,0.584814,0.584814,7033.426733,-0.0,7033.426733
W4_P3,54.0,8,4.0098,25.076,3.2,28.276,20.0,20.0,1.5,1.0,17.2338,0.0,0.0,3.0,600.0,600.0,1.0,1.0,1.0,19616.21012,0.0,19616.21012
W4_P3,54.0,9,4.2,22.112,5.12,27.232,20.0,20.0,1.5,1.0,18.468,0.0,0.0,3.0,600.0,600.0,1.0,1.0,1.0,20151.6632,0.0,20151.6632
W4_P3,54.0,10,4.1202,8.996,7.68,16.676,6.050988,6.050988,0.453824,0.302549,0.0,-0.0,0.0,0.907648,181.529639,181.529639,0.302549,0.302549,0.302549,3784.654636,-0.0,3784.654636
W4_P3,54.0,11,3.9,7.652,11.52,19.172,7.36,7.36,0.552,0.368,0.0,-0.0,0.0,1.104,220.8,220.8,0.368,0.368,0.368,4371.304,-0.0,4371.304
W4_P3,54.0,12,3.2598,10.816,14.08,24.896,10.427084,10.427084,0.782031,0.521354,0.0,-0.0,0.0,1.564063,312.81253,312.81253,0.521354,0.521354,0.521354,5920.335147,-0.0,5920.335147
W4_P3,54.0,13,2.6898,10.952,14.08,25.032,10.767325,10.767325,0.807549,0.538366,0.0,-0.0,0.0,1.615099,323.019759,323.019759,0.538366,0.538366,0.538366,6025.846424,-0.0,6025.846424
W4_P3,54.0,14,3.63,15.152,11.52,26.672,11.104578,11.104578,0.832843,0.555229,0.0,-0.0,0.0,1.665687,333.137349,333.137349,0.555229,0.555229,0.555229,6433.010265,-0.0,6433.010265
W4_P3,54.0,15,3.8202,21.66,7.04,28.7,11.990265,11.990265,0.89927,0.599513,0.0,-0.0,0.0,1.79854,359.707952,359.707952,0.599513,0.599513,0.599513,7093.164805,-0.0,7093.164805
W4_P3,54.0,16,3.75,17.16,5.12,22.28,20.0,20.0,1.5,1.0,22.97,0.0,0.0,3.0,600.0,600.0,1.0,1.0,1.0,22143.378,0.0,22143.378
W4_P3,54.0,17,3.1398,16.612,3.2,19.812,20.0,20.0,1.5,1.0,24.8278,0.0,0.0,3.0,600.0,600.0,1.0,1.0,1.0,22959.20572,0.0,22959.20572
W4_P3,54.0,18,2.61,15.328,1.28,16.608,6.746024,6.746024,0.505952,0.337301,0.0,-0.0,0.0,1.011904,202.380723,202.380723,0.337301,0.337301,0.337301,4140.317928,-0.0,4140.317928
W4_P3,54.0,19,2.1198,9.416,0.0,9.416,3.516241,3.516241,0.263718,0.175812,0.0,-0.0,0.0,0.527436,105.487229,105.487229,0.175812,0.175812,0.175812,2291.987677,-0.0,2291.987677
W4_P3,54.0,20,1.86,8.808,0.0,8.808,3.348434,3.348434,0.251133,0.167422,0.0,-0.0,0.0,0.502265,100.453012,100.453012,0.167422,0.167422,0.167422,2158.810699,-0.0,2158.810699
W4_P3,54.0,21,1.6302,5.216,0.0,5.216,16.992771,16.992771,1.274458,0.849639,31.6742,0.0,0.0,2.548916,509.783133,509.783133,0.849639,0.849639,0.849639,24272.050767,0.0,24272.050767
W4_P3,54.0,22,1.56,6.152,0.0,6.152,20.0,20.0,1.5,1.0,36.908,0.0,0.0,3.0,600.0,600.0,1.0,1.0,1.0,28343.7192,0.0,28343.7192
W4_P3,54.0,23,1.4802,8.464,0.0,8.464,20.0,20.0,1.5,1.0,34.5162,0.0,0.0,3.0,600.0,600.0,1.0,1.0,1.0,18090.94688,0.0,18090.94688
W4_P3,45.0,0,1.3698,13.496,0.0,13.496,20.0,20.0,1.5,1.0,29.3738,0.0,0.0,3.0,600.0,600.0,1.0,1.0,1.0,17084.98912,0.0,17084.98912
W4_P3,45.0,1,1.0998,14.084,0.0,14.084,20.0,20.0,1.5,1.0,28.5158,0.0,0.0,3.0,600.0,600.0,1.0,1.0,1.0,16879.40992,0.0,16879.40992
W4_P3,45.0,2,0.7998,13.092,0.0,13.092,20.0,20.0,1.5,1.0,29.2078,0.0,0.0,3.0,600.0,600.0,1.0,1.0,1.0,16967.55072,0.0,16967.55072
W4_P3,45.0,3,0.99,20.168,0.0,20.168,20.0,20.0,1.5,1.0,22.322,0.0,0.0,3.0,600.0,600.0,1.0,1.0,1.0,15671.2528,0.0,15671.2528
W4_P3,45.0,4,1.1802,19.276,0.0,19.276,20.0,20.0,1.5,1.0,23.4042,0.0,0.0,3.0,600.0,600.0,1.0,1.0,1.0,15907.99808,0.0,15907.99808
W4_P3,45.0,5,1.6302,23.08,0.0,23.08,20.0,20.0,1.5,1.0,20.0502,0.0,0.0,3.0,600.0,600.0,1.0,1.0,1.0,15330.18848,0.0,15330.18848
W4_P3,45.0,6,2.5002,28.356,0.0,28.356,20.0,20.0,1.5,1.0,15.6442,0.0,0.0,3.0,600.0,600.0,1.0,1.0,1.0,14612.97408,0.0,14612.97408
W4_P3,45.0,7,3.3702,26.36,1.28,27.64,11.696289,11.696289,0.877222,0.584814,0.0,-0.0,0.0,1.754443,350.888675,350.888675,0.584814,0.584814,0.584814,7033.426733,-0.0,7033.426733
W4_P3,45.0,8,4.0098,25.076,3.2,28.276,11.694554,11.694554,0.877092,0.584728,0.0,-0.0,0.0,1.754183,350.836627,350.836627,0.584728,0.584728,0.584728,7070.792737,-0.0,7070.792737
W4_P3,45.0,9,4.2,22.112,5.12,27.232,11.099759,11.099759,0.832482,0.554988,0.0,-0.0,0.0,1.664964,332.992771,332.992771,0.554988,0.554988,0.554988,6707.804723,-0.0,6707.804723
W4_P3,45.0,10,4.1202,8.996,7.68,16.676,6.050988,6.050988,0.453824,0.302549,0.0,-0.0,0.0,0.907648,181.529639,181.529639,0.302549,0.302549,0.302549,3784.654636,-0.0,3784.654636
W4_P3,45.0,11,3.9,7.652,11.52,19.172,7.36,7.36,0.552,0.368,0.0,-0.0,0.0,1.104,220.8,220.8,0.368,0.368,0.368,4371.304,-0.0,4371.304
W4_P3,45.0,12,3.2598,10.816,14.08,24.896,10.427084,10.427084,0.782031,0.521354,0.0,-0.0,0.0,1.564063,312.81253,312.81253,0.521354,0.521354,0.521354,5920.335147,-0.0,5920.335147
W4_P3,45.0,13,2.6898,10.952,14.08,25.032,10.767325,10.767325,0.807549,0.538366,0.0,-0.0,0.0,1.615099,323.019759,323.019759,0.538366,0.538366,0.538366,6025.846424,-0.0,6025.846424
W4_P3,45.0,14,3.63,15.152,11.52,26.672,11.104578,11.104578,0.832843,0.555229,0.0,-0.0,0.0,1.665687,333.137349,333.137349,0.555229,0.555229,0.555229,6433.010265,-0.0,6433.010265
W4_P3,45.0,15,3.8202,21.66,7.04,28.7,11.990265,11.990265,0.89927,0.599513,0.0,-0.0,0.0,1.79854,359.707952,359.707952,0.599513,0.599513,0.599513,7093.164805,-0.0,7093.164805
W4_P3,45.0,16,3.75,17.16,5.12,22.28,20.0,20.0,1.5,1.0,22.97,0.0,0.0,3.0,600.0,600.0,1.0,1.0,1.0,22143.378,0.0,22143.378
W4_P3,45.0,17,3.1398,16.612,3.2,19.812,8.034795,8.034795,0.60261,0.40174,0.0,-0.0,0.0,1.205219,241.043855,241.043855,0.40174,0.40174,0.40174,4885.704014,-0.0,4885.704014
W4_P3,45.0,18,2.61,15.328,1.28,16.608,6.746024,6.746024,0.505952,0.337301,0.0,-0.0,0.0,1.011904,202.380723,202.380723,0.337301,0.337301,0.337301,4140.317928,-0.0,4140.317928
W4_P3,45.0,19,2.1198,9.416,0.0,9.416,3.516241,3.516241,0.263718,0.175812,0.0,-0.0,0.0,0.527436,105.487229,105.487229,0.175812,0.175812,0.175812,2291.987677,-0.0,2291.987677
W4_P3,45.0,20,1.86,8.808,0.0,8.808,3.348434,3.348434,0.251133,0.167422,0.0,-0.0,0.0,0.502265,100.453012,100.453012,0.167422,0.167422,0.167422,2158.810699,-0.0,2158.810699
W4_P3,45.0,21,1.6302,5.216,0.0,5.216,3.950651,3.950651,0.296299,0.197533,4.6118,0.0,0.0,0.592598,118.519518,118.519518,0.197533,0.197533,0.197533,4571.862568,0.0,4571.862568
W4_P3,45.0,22,1.56,6.152,0.0,6.152,2.213012,2.213012,0.165976,0.110651,0.0,-0.0,0.0,0.331952,66.390361,66.390361,0.110651,0.110651,0.110651,1476.384964,-0.0,1476.384964
W4_P3,45.0,23,1.4802,8.464,0.0,8.464,20.0,20.0,1.5,1.0,34.5162,0.0,0.0,3.0,600.0,600.0,1.0,1.0,1.0,18090.94688,0.0,18090.94688
W4_P3,36.0,0,1.3698,13.496,0.0,13.496,20.0,20.0,1.5,1.0,29.3738,0.0,0.0,3.0,600.0,600.0,1.0,1.0,1.0,17084.98912,0.0,17084.98912
W4_P3,36.0,1,1.0998,14.084,0.0,14.084,20.0,20.0,1.5,1.0,28.5158,0.0,0.0,3.0,600.0,600.0,1.0,1.0,1.0,16879.40992,0.0,16879.40992
W4_P3,36.0,2,0.7998,13.092,0.0,13.092,20.0,20.0,1.5,1.0,29.2078,0.0,0.0,3.0,600.0,600.0,1.0,1.0,1.0,16967.55072,0.0,16967.55072
W4_P3,36.0,3,0.99,20.168,0.0,20.168,20.0,20.0,1.5,1.0,22.322,0.0,0.0,3.0,600.0,600.0,1.0,1.0,1.0,15671.2528,0.0,15671.2528
W4_P3,36.0,4,1.1802,19.276,0.0,19.276,20.0,20.0,1.5,1.0,23.4042,0.0,0.0,3.0,600.0,600.0,1.0,1.0,1.0,15907.99808,0.0,15907.99808
W4_P3,36.0,5,1.6302,23.08,0.0,23.08,20.0,20.0,1.5,1.0,20.0502,-0.0,0.0,3.0,600.0,600.0,1.0,1.0,1.0,15330.18848,-0.0,15330.18848
W4_P3,36.0,6,2.5002,28.356,0.0,28.356,20.0,20.0,1.5,1.0,15.6442,0.0,0.0,3.0,600.0,600.0,1.0,1.0,1.0,14612.97408,0.0,14612.97408
W4_P3,36.0,7,3.3702,26.36,1.28,27.64,9.295325,9.295325,0.697149,0.464766,0.0,4.982,0.0,1.394299,278.859759,278.859759,0.464766,0.464766,0.464766,6432.825624,1882.6978,4550.127824
W4_P3,36.0,8,4.0098,25.076,3.2,28.276,2.0,2.0,0.15,0.1,0.0,20.1162,0.0,0.3,60.0,60.0,0.1,0.1,0.1,4645.7,7601.91198,-2956.21198
W4_P3,36.0,9,4.2,22.112,5.12,27.232,11.099759,11.099759,0.832482,0.554988,0.0,0.0,0.0,1.664964,332.992771,332.992771,0.554988,0.554988,0.554988,6707.804723,0.0,6707.804723
W4_P3,36.0,10,4.1202,8.996,7.68,16.676,2.0,2.0,0.15,0.1,0.0,8.4058,0.0,0.3,60.0,60.0,0.1,0.1,0.1,2771.3,3176.55182,-405.25182
W4_P3,36.0,11,3.9,7.652,11.52,19.172,2.0,2.0,0.15,0.1,0.0,11.122,0.0,0.3,60.0,60.0,0.1,0.1,0.1,3030.5,4203.0038,-1172.5038
W4_P3,36.0,12,3.2598,10.816,14.08,24.896,2.0,2.0,0.15,0.1,0.0,17.4862,0.0,0.3,60.0,60.0,0.1,0.1,0.1,3812.3,6608.03498,-2795.73498
W4_P3,36.0,13,2.6898,10.952,14.08,25.032,2.0,2.0,0.15,0.1,0.0,18.1922,0.0,0.3,60.0,60.0,0.1,0.1,0.1,3832.7,6874.83238,-3042.13238
W4_P3,36.0,14,3.63,15.152,11.52,26.672,11.104578,11.104578,0.832843,0.555229,0.0,0.0,0.0,1.665687,333.137349,333.137349,0.555229,0.555229,0.555229,6433.010265,0.0,6433.010265
W4_P3,36.0,15,3.8202,21.66,7.04,28.7,11.990265,11.990265,0.89927,0.599513,0.0,0.0,0.0,1.79854,359.707952,359.707952,0.599513,0.599513,0.599513,7093.164805,0.0,7093.164805
W4_P3,36.0,16,3.75,17.16,5.12,22.28,2.0,2.0,0.15,0.1,0.0,14.38,0.0,0.3,60.0,60.0,0.1,0.1,0.1,3688.7,5434.202,-1745.502
W4_P3,36.0,17,3.1398,16.612,3.2,19.812,8.034795,8.034795,0.60261,0.40174,0.0,0.0,0.0,1.205219,241.043855,241.043855,0.40174,0.40174,0.40174,4885.704014,0.0,4885.704014
W4_P3,36.0,18,2.61,15.328,1.28,16.608,6.746024,6.746024,0.505952,0.337301,0.0,0.0,0.0,1.011904,202.380723,202.380723,0.337301,0.337301,0.337301,4140.317928,0.0,4140.317928
W4_P3,36.0,19,2.1198,9.416,0.0,9.416,3.516241,3.516241,0.263718,0.175812,0.0,0.0,0.0,0.527436,105.487229,105.487229,0.175812,0.175812,0.175812,2291.987677,0.0,2291.987677
W4_P3,36.0,20,1.86,8.808,0.0,8.808,2.0,2.0,0.15,0.1,0.0,2.798,0.0,0.3,60.0,60.0,0.1,0.1,0.1,1821.5,1057.3642,764.1358
W4_P3,36.0,21,1.6302,5.216,0.0,5.216,2.0,2.0,0.15,0.1,0.5642,0.0,0.0,0.3,60.0,60.0,0.1,0.1,0.1,1625.39508,0.0,1625.39508
W4_P3,36.0,22,1.56,6.152,0.0,6.152,2.213012,2.213012,0.165976,0.110651,0.0,0.0,0.0,0.331952,66.390361,66.390361,0.110651,0.110651,0.110651,1476.384964,0.0,1476.384964
W4_P3,36.0,23,1.4802,8.464,0.0,8.464,20.0,20.0,1.5,1.0,34.5162,0.0,0.0,3.0,600.0,600.0,1.0,1.0,1.0,18090.94688,0.0,18090.94688
W4_P4,72.0,0,1.3698,13.496,0.0,13.496,20.0,20.0,1.5,1.0,29.3738,0.0,0.0,3.0,600.0,600.0,1.0,1.0,1.0,17084.98912,0.0,17084.98912
W4_P4,72.0,1,1.0998,14.084,0.0,14.084,20.0,20.0,1.5,1.0,28.5158,0.0,0.0,3.0,600.0,600.0,1.0,1.0,1.0,16879.40992,0.0,16879.40992
W4_P4,72.0,2,0.7998,13.092,0.0,13.092,20.0,20.0,1.5,1.0,29.2078,0.0,0.0,3.0,600.0,600.0,1.0,1.0,1.0,16967.55072,0.0,16967.55072
W4_P4,72.0,3,0.99,20.168,0.0,20.168,20.0,20.0,1.5,1.0,22.322,0.0,0.0,3.0,600.0,600.0,1.0,1.0,1.0,15671.2528,0.0,15671.2528
W4_P4,72.0,4,1.1802,19.276,0.0,19.276,20.0,20.0,1.5,1.0,23.4042,0.0,0.0,3.0,600.0,600.0,1.0,1.0,1.0,15907.99808,0.0,15907.99808
W4_P4,72.0,5,1.6302,23.08,0.0,23.08,20.0,20.0,1.5,1.0,20.0502,0.0,0.0,3.0,600.0,600.0,1.0,1.0,1.0,15330.18848,0.0,15330.18848
W4_P4,72.0,6,2.5002,28.356,0.0,28.356,20.0,20.0,1.5,1.0,15.6442,0.0,0.0,3.0,600.0,600.0,1.0,1.0,1.0,14612.97408,0.0,14612.97408
W4_P4,72.0,7,3.3702,26.36,0.0,26.36,20.0,20.0,1.5,1.0,18.5102,0.0,0.0,3.0,600.0,600.0,1.0,1.0,1.0,20200.09548,0.0,20200.09548
W4_P4,72.0,8,4.0098,25.076,0.0,25.076,20.0,20.0,1.5,1.0,20.4338,0.0,0.0,3.0,600.0,600.0,1.0,1.0,1.0,21175.89012,0.0,21175.89012
W4_P4,72.0,9,4.2,22.112,0.0,22.112,20.0,20.0,1.5,1.0,23.588,0.0,0.0,3.0,600.0,600.0,1.0,1.0,1.0,22647.1512,0.0,22647.1512
W4_P4,72.0,10,4.1202,8.996,0.0,8.996,20.0,20.0,1.5,1.0,36.6242,0.0,0.0,3.0,600.0,600.0,1.0,1.0,1.0,35739.65808,0.0,35739.65808
W4_P4,72.0,11,3.9,7.652,1.28,8.932,20.0,20.0,1.5,1.0,36.468,0.0,0.0,3.0,600.0,600.0,1.0,1.0,1.0,35566.3232,0.0,35566.3232
W4_P4,72.0,12,3.2598,10.816,5.12,15.936,20.0,20.0,1.5,1.0,28.8238,0.0,0.0,3.0,600.0,600.0,1.0,1.0,1.0,30368.01712,0.0,30368.01712
W4_P4,72.0,13,2.6898,10.952,7.68,18.632,20.0,20.0,1.5,1.0,25.5578,0.0,0.0,3.0,600.0,600.0,1.0,1.0,1.0,28074.97872,0.0,28074.97872
W4_P4,72.0,14,3.63,15.152,5.12,20.272,20.0,20.0,1.5,1.0,24.858,0.0,0.0,3.0,600.0,600.0,1.0,1.0,1.0,27836.2592,0.0,27836.2592
W4_P4,72.0,15,3.8202,21.66,1.28,22.94,20.0,20.0,1.5,1.0,22.3802,0.0,0.0,3.0,600.0,600.0,1.0,1.0,1.0,21999.33348,0.0,21999.33348
W4_P4,72.0,16,3.75,17.16,0.0,17.16,20.0,20.0,1.5,1.0,28.09,0.0,0.0,3.0,600.0,600.0,1.0,1.0,1.0,24638.866,0.0,24638.866
W4_P4,72.0,17,3.1398,16.612,0.0,16.612,20.0,20.0,1.5,1.0,28.0278,0.0,0.0,3.0,600.0,600.0,1.0,1.0,1.0,24518.88572,0.0,24518.88572
W4_P4,72.0,18,2.61,15.328,0.0,15.328,20.0,20.0,1.5,1.0,28.782,0.0,0.0,3.0,600.0,600.0,1.0,1.0,1.0,30396.8768,0.0,30396.8768
W4_P4,72.0,19,2.1198,9.416,0.0,9.416,20.0,20.0,1.5,1.0,34.2038,0.0,0.0,3.0,600.0,600.0,1.0,1.0,1.0,33860.52912,0.0,33860.52912
W4_P4,72.0,20,1.86,8.808,0.0,8.808,20.0,20.0,1.5,1.0,34.552,0.0,0.0,3.0,600.0,600.0,1.0,1.0,1.0,34048.7248,0.0,34048.7248
W4_P4,72.0,21,1.6302,5.216,0.0,5.216,20.0,20.0,1.5,1.0,37.9142,0.0,0.0,3.0,600.0,600.0,1.0,1.0,1.0,28814.48508,0.0,28814.48508
W4_P4,72.0,22,1.56,6.152,0.0,6.152,20.0,20.0,1.5,1.0,36.908,0.0,0.0,3.0,600.0,600.0,1.0,1.0,1.0,28343.7192,0.0,28343.7192
W4_P4,72.0,23,1.4802,8.464,0.0,8.464,20.0,20.0,1.5,1.0,34.5162,0.0,0.0,3.0,600.0,600.0,1.0,1.0,1.0,18090.94688,0.0,18090.94688
W4_P4,63.0,0,1.3698,13.496,0.0,13.496,20.0,20.0,1.5,1.0,29.3738,0.0,0.0,3.0,600.0,600.0,1.0,1.0,1.0,17084.98912,0.0,17084.98912
W4_P4,63.0,1,1.0998,14.084,0.0,14.084,20.0,20.0,1.5,1.0,28.5158,0.0,0.0,3.0,600.0,600.0,1.0,1.0,1.0,16879.40992,0.0,16879.40992
W4_P4,63.0,2,0.7998,13.092,0.0,13.092,20.0,20.0,1.5,1.0,29.2078,0.0,0.0,3.0,600.0,600.0,1.0,1.0,1.0,16967.55072,0.0,16967.55072
W4_P4,63.0,3,0.99,20.168,0.0,20.168,20.0,20.0,1.5,1.0,22.322,0.0,0.0,3.0,600.0,600.0,1.0,1.0,1.0,15671.2528,0.0,15671.2528
W4_P4,63.0,4,1.1802,19.276,0.0,19.276,20.0,20.0,1.5,1.0,23.4042,0.0,0.0,3.0,600.0,600.0,1.0,1.0,1.0,15907.99808,0.0,15907.99808
W4_P4,63.0,5,1.6302,23.08,0.0,23.08,20.0,20.0,1.5,1.0,20.0502,0.0,0.0,3.0,600.0,600.0,1.0,1.0,1.0,15330.18848,0.0,15330.18848
W4_P4,63.0,6,2.5002,28.356,0.0,28.356,20.0,20.0,1.5,1.0,15.6442,0.0,0.0,3.0,600.0,600.0,1.0,1.0,1.0,14612.97408,0.0,14612.97408
W4_P4,63.0,7,3.3702,26.36,0.0,26.36,20.0,20.0,1.5,1.0,18.5102,0.0,0.0,3.0,600.0,600.0,1.0,1.0,1.0,20200.09548,0.0,20200.09548
W4_P4,63.0,8,4.0098,25.076,0.0,25.076,20.0,20.0,1.5,1.0,20.4338,0.0,0.0,3.0,600.0,600.0,1.0,1.0,1.0,21175.89012,0.0,21175.89012
W4_P4,63.0,9,4.2,22.112,0.0,22.112,20.0,20.0,1.5,1.0,23.588,0.0,0.0,3.0,600.0,600.0,1.0,1.0,1.0,22647.1512,0.0,22647.1512
W4_P4,63.0,10,4.1202,8.996,0.0,8.996,20.0,20.0,1.5,1.0,36.6242,0.0,0.0,3.0,600.0,600.0,1.0,1.0,1.0,35739.65808,0.0,35739.65808
W4_P4,63.0,11,3.9,7.652,1.28,8.932,2.42506,2.42506,0.18188,0.121253,0.0,-0.0,0.0,0.363759,72.751807,72.751807,0.121253,0.121253,0.121253,1908.028819,-0.0,1908.028819
W4_P4,63.0,12,3.2598,10.816,5.12,15.936,6.109012,6.109012,0.458176,0.305451,0.0,-0.0,0.0,0.916352,183.270361,183.270361,0.305451,0.305451,0.305451,3764.969364,-0.0,3764.969364
W4_P4,63.0,13,2.6898,10.952,7.68,18.632,7.682988,7.682988,0.576224,0.384149,0.0,-0.0,0.0,1.152448,230.489639,230.489639,0.384149,0.384149,0.384149,4486.299436,-0.0,4486.299436
W4_P4,63.0,14,3.63,15.152,5.12,20.272,20.0,20.0,1.5,1.0,24.858,0.0,0.0,3.0,600.0,600.0,1.0,1.0,1.0,27836.2592,0.0,27836.2592
W4_P4,63.0,15,3.8202,21.66,1.28,22.94,20.0,20.0,1.5,1.0,22.3802,0.0,0.0,3.0,600.0,600.0,1.0,1.0,1.0,21999.33348,0.0,21999.33348
W4_P4,63.0,16,3.75,17.16,0.0,17.16,20.0,20.0,1.5,1.0,28.09,0.0,0.0,3.0,600.0,600.0,1.0,1.0,1.0,24638.866,0.0,24638.866
W4_P4,63.0,17,3.1398,16.612,0.0,16.612,20.0,20.0,1.5,1.0,28.0278,0.0,0.0,3.0,600.0,600.0,1.0,1.0,1.0,24518.88572,0.0,24518.88572
W4_P4,63.0,18,2.61,15.328,0.0,15.328,20.0,20.0,1.5,1.0,28.782,0.0,0.0,3.0,600.0,600.0,1.0,1.0,1.0,30396.8768,0.0,30396.8768
W4_P4,63.0,19,2.1198,9.416,0.0,9.416,20.0,20.0,1.5,1.0,34.2038,0.0,0.0,3.0,600.0,600.0,1.0,1.0,1.0,33860.52912,0.0,33860.52912
W4_P4,63.0,20,1.86,8.808,0.0,8.808,3.78294,3.78294,0.28372,0.189147,0.9016,0.0,0.0,0.567441,113.488193,113.488193,0.189147,0.189147,0.189147,2990.946221,0.0,2990.946221
W4_P4,63.0,21,1.6302,5.216,0.0,5.216,20.0,20.0,1.5,1.0,37.9142,0.0,0.0,3.0,600.0,600.0,1.0,1.0,1.0,28814.48508,0.0,28814.48508
W4_P4,63.0,22,1.56,6.152,0.0,6.152,20.0,20.0,1.5,1.0,36.908,0.0,0.0,3.0,600.0,600.0,1.0,1.0,1.0,28343.7192,0.0,28343.7192
W4_P4,63.0,23,1.4802,8.464,0.0,8.464,20.0,20.0,1.5,1.0,34.5162,0.0,0.0,3.0,600.0,600.0,1.0,1.0,1.0,18090.94688,0.0,18090.94688
W4_P4,54.0,0,1.3698,13.496,0.0,13.496,20.0,20.0,1.5,1.0,29.3738,0.0,0.0,3.0,600.0,600.0,1.0,1.0,1.0,17084.98912,0.0,17084.98912
W4_P4,54.0,1,1.0998,14.084,0.0,14.084,20.0,20.0,1.5,1.0,28.5158,0.0,0.0,3.0,600.0,600.0,1.0,1.0,1.0,16879.40992,0.0,16879.40992
W4_P4,54.0,2,0.7998,13.092,0.0,13.092,20.0,20.0,1.5,1.0,29.2078,0.0,0.0,3.0,600.0,600.0,1.0,1.0,1.0,16967.55072,0.0,16967.55072
W4_P4,54.0,3,0.99,20.168,0.0,20.168,20.0,20.0,1.5,1.0,22.322,0.0,0.0,3.0,600.0,600.0,1.0,1.0,1.0,15671.2528,0.0,15671.2528
W4_P4,54.0,4,1.1802,19.276,0.0,19.276,20.0,20.0,1.5,1.0,23.4042,0.0,0.0,3.0,600.0,600.0,1.0,1.0,1.0,15907.99808,0.0,15907.99808
W4_P4,54.0,5,1.6302,23.08,0.0,23.08,20.0,20.0,1.5,1.0,20.0502,0.0,0.0,3.0,600.0,600.0,1.0,1.0,1.0,15330.18848,0.0,15330.18848
W4_P4,54.0,6,2.5002,28.356,0.0,28.356,20.0,20.0,1.5,1.0,15.6442,0.0,0.0,3.0,600.0,600.0,1.0,1.0,1.0,14612.97408,0.0,14612.97408
W4_P4,54.0,7,3.3702,26.36,0.0,26.36,20.0,20.0,1.5,1.0,18.5102,0.0,0.0,3.0,600.0,600.0,1.0,1.0,1.0,20200.09548,0.0,20200.09548
W4_P4,54.0,8,4.0098,25.076,0.0,25.076,20.0,20.0,1.5,1.0,20.4338,0.0,0.0,3.0,600.0,600.0,1.0,1.0,1.0,21175.89012,0.0,21175.89012
W4_P4,54.0,9,4.2,22.112,0.0,22.112,20.0,20.0,1.5,1.0,23.588,0.0,0.0,3.0,600.0,600.0,1.0,1.0,1.0,22647.1512,0.0,22647.1512
W4_P4,54.0,10,4.1202,8.996,0.0,8.996,2.349783,2.349783,0.176234,0.117489,0.0,-0.0,0.0,0.352467,70.493494,70.493494,0.117489,0.117489,0.117489,1937.198251,-0.0,1937.198251
W4_P4,54.0,11,3.9,7.652,1.28,8.932,2.844145,2.844145,0.213311,0.142207,0.8696,0.0,0.0,0.426622,85.324337,85.324337,0.142207,0.142207,0.142207,2710.629806,0.0,2710.629806
W4_P4,54.0,12,3.2598,10.816,5.12,15.936,6.109012,6.109012,0.458176,0.305451,0.0,-0.0,0.0,0.916352,183.270361,183.270361,0.305451,0.305451,0.305451,3764.969364,-0.0,3764.969364
W4_P4,54.0,13,2.6898,10.952,7.68,18.632,7.682988,7.682988,0.576224,0.384149,0.0,-0.0,0.0,1.152448,230.489639,230.489639,0.384149,0.384149,0.384149,4486.299436,-0.0,4486.299436
W4_P4,54.0,14,3.63,15.152,5.12,20.272,8.020241,8.020241,0.601518,0.401012,0.0,-0.0,0.0,1.203036,240.607229,240.607229,0.401012,0.401012,0.401012,4893.463277,-0.0,4893.463277
W4_P4,54.0,15,3.8202,21.66,1.28,22.94,20.0,20.0,1.5,1.0,22.3802,0.0,0.0,3.0,600.0,600.0,1.0,1.0,1.0,21999.33348,0.0,21999.33348
W4_P4,54.0,16,3.75,17.16,0.0,17.16,20.0,20.0,1.5,1.0,28.09,0.0,0.0,3.0,600.0,600.0,1.0,1.0,1.0,24638.866,0.0,24638.866
W4_P4,54.0,17,3.1398,16.612,0.0,16.612,20.0,20.0,1.5,1.0,28.0278,0.0,0.0,3.0,600.0,600.0,1.0,1.0,1.0,24518.88572,0.0,24518.88572
W4_P4,54.0,18,2.61,15.328,0.0,15.328,6.129157,6.129157,0.459687,0.306458,0.0,-0.0,0.0,0.919373,183.874699,183.874699,0.306458,0.306458,0.306458,3832.40853,-0.0,3832.40853
W4_P4,54.0,19,2.1198,9.416,0.0,9.416,3.516241,3.516241,0.263718,0.175812,0.0,-0.0,0.0,0.527436,105.487229,105.487229,0.175812,0.175812,0.175812,2291.987677,-0.0,2291.987677
W4_P4,54.0,20,1.86,8.808,0.0,8.808,3.348434,3.348434,0.251133,0.167422,0.0,-0.0,0.0,0.502265,100.453012,100.453012,0.167422,0.167422,0.167422,2158.810699,-0.0,2158.810699
W4_P4,54.0,21,1.6302,5.216,0.0,5.216,20.0,20.0,1.5,1.0,37.9142,0.0,0.0,3.0,600.0,600.0,1.0,1.0,1.0,28814.48508,0.0,28814.48508
W4_P4,54.0,22,1.56,6.152,0.0,6.152,20.0,20.0,1.5,1.0,36.908,0.0,0.0,3.0,600.0,600.0,1.0,1.0,1.0,28343.7192,0.0,28343.7192
W4_P4,54.0,23,1.4802,8.464,0.0,8.464,20.0,20.0,1.5,1.0,34.5162,0.0,0.0,3.0,600.0,600.0,1.0,1.0,1.0,18090.94688,0.0,18090.94688
W4_P4,45.0,0,1.3698,13.496,0.0,13.496,20.0,20.0,1.5,1.0,29.3738,0.0,0.0,3.0,600.0,600.0,1.0,1.0,1.0,17084.98912,0.0,17084.98912
W4_P4,45.0,1,1.0998,14.084,0.0,14.084,20.0,20.0,1.5,1.0,28.5158,0.0,0.0,3.0,600.0,600.0,1.0,1.0,1.0,16879.40992,0.0,16879.40992
W4_P4,45.0,2,0.7998,13.092,0.0,13.092,20.0,20.0,1.5,1.0,29.2078,0.0,0.0,3.0,600.0,600.0,1.0,1.0,1.0,16967.55072,0.0,16967.55072
W4_P4,45.0,3,0.99,20.168,0.0,20.168,20.0,20.0,1.5,1.0,22.322,0.0,0.0,3.0,600.0,600.0,1.0,1.0,1.0,15671.2528,0.0,15671.2528
W4_P4,45.0,4,1.1802,19.276,0.0,19.276,20.0,20.0,1.5,1.0,23.4042,0.0,0.0,3.0,600.0,600.0,1.0,1.0,1.0,15907.99808,0.0,15907.99808
W4_P4,45.0,5,1.6302,23.08,0.0,23.08,20.0,20.0,1.5,1.0,20.0502,0.0,0.0,3.0,600.0,600.0,1.0,1.0,1.0,15330.18848,0.0,15330.18848
W4_P4,45.0,6,2.5002,28.356,0.0,28.356,20.0,20.0,1.5,1.0,15.6442,0.0,0.0,3.0,600.0,600.0,1.0,1.0,1.0,14612.97408,0.0,14612.97408
W4_P4,45.0,7,3.3702,26.36,0.0,26.36,11.079422,11.079422,0.830957,0.553971,0.0,0.0,0.0,1.661913,332.382651,332.382651,0.553971,0.553971,0.553971,6725.517335,0.0,6725.517335
W4_P4,45.0,8,4.0098,25.076,0.0,25.076,10.152386,10.152386,0.761429,0.507619,0.0,0.0,0.0,1.522858,304.571566,304.571566,0.507619,0.507619,0.507619,6301.019243,0.0,6301.019243
W4_P4,45.0,9,4.2,22.112,0.0,22.112,20.0,20.0,1.5,1.0,23.588,0.0,0.0,3.0,600.0,600.0,1.0,1.0,1.0,22647.1512,0.0,22647.1512
W4_P4,45.0,10,4.1202,8.996,0.0,8.996,2.349783,2.349783,0.176234,0.117489,0.0,0.0,0.0,0.352467,70.493494,70.493494,0.117489,0.117489,0.117489,1937.198251,0.0,1937.198251
W4_P4,45.0,11,3.9,7.652,1.28,8.932,2.42506,2.42506,0.18188,0.121253,0.0,0.0,0.0,0.363759,72.751807,72.751807,0.121253,0.121253,0.121253,1908.028819,0.0,1908.028819
W4_P4,45.0,12,3.2598,10.816,5.12,15.936,6.109012,6.109012,0.458176,0.305451,0.0,0.0,0.0,0.916352,183.270361,183.270361,0.305451,0.305451,0.305451,3764.969364,0.0,3764.969364
W4_P4,45.0,13,2.6898,10.952,7.68,18.632,7.682988,7.682988,0.576224,0.384149,0.0,0.0,0.0,1.152448,230.489639,230.489639,0.384149,0.384149,0.384149,4486.299436,0.0,4486.299436
W4_P4,45.0,14,3.63,15.152,5.12,20.272,8.020241,8.020241,0.601518,0.401012,0.0,0.0,0.0,1.203036,240.607229,240.607229,0.401012,0.401012,0.401012,4893.463277,0.0,4893.463277
W4_P4,45.0,15,3.8202,21.66,1.28,22.94,9.214361,9.214361,0.691077,0.460718,0.0,0.0,0.0,1.382154,276.430843,276.430843,0.460718,0.460718,0.460718,5707.572516,0.0,5707.572516
W4_P4,45.0,16,3.75,17.16,0.0,17.16,20.0,20.0,1.5,1.0,28.09,0.0,0.0,3.0,600.0,600.0,1.0,1.0,1.0,24638.866,0.0,24638.866
W4_P4,45.0,17,3.1398,16.612,0.0,16.612,20.0,20.0,1.5,1.0,28.0278,0.0,0.0,3.0,600.0,600.0,1.0,1.0,1.0,24518.88572,0.0,24518.88572
W4_P4,45.0,18,2.61,15.328,0.0,15.328,6.129157,6.129157,0.459687,0.306458,0.0,0.0,0.0,0.919373,183.874699,183.874699,0.306458,0.306458,0.306458,3832.40853,0.0,3832.40853
W4_P4,45.0,19,2.1198,9.416,0.0,9.416,3.516241,3.516241,0.263718,0.175812,0.0,0.0,0.0,0.527436,105.487229,105.487229,0.175812,0.175812,0.175812,2291.987677,0.0,2291.987677
W4_P4,45.0,20,1.86,8.808,0.0,8.808,3.348434,3.348434,0.251133,0.167422,0.0,0.0,0.0,0.502265,100.453012,100.453012,0.167422,0.167422,0.167422,2158.810699,0.0,2158.810699
W4_P4,45.0,21,1.6302,5.216,0.0,5.216,7.759904,7.759904,0.581993,0.387995,12.516,0.0,0.0,1.163986,232.797108,232.797108,0.387995,0.387995,0.387995,10325.758289,0.0,10325.758289
W4_P4,45.0,22,1.56,6.152,0.0,6.152,2.213012,2.213012,0.165976,0.110651,0.0,0.0,0.0,0.331952,66.390361,66.390361,0.110651,0.110651,0.110651,1476.384964,0.0,1476.384964
W4_P4,45.0,23,1.4802,8.464,0.0,8.464,20.0,20.0,1.5,1.0,34.5162,0.0,0.0,3.0,600.0,600.0,1.0,1.0,1.0,18090.94688,0.0,18090.94688
W4_P4,36.0,0,1.3698,13.496,0.0,13.496,20.0,20.0,1.5,1.0,29.3738,0.0,0.0,3.0,600.0,600.0,1.0,1.0,1.0,17084.98912,0.0,17084.98912
W4_P4,36.0,1,1.0998,14.084,0.0,14.084,20.0,20.0,1.5,1.0,28.5158,0.0,0.0,3.0,600.0,600.0,1.0,1.0,1.0,16879.40992,0.0,16879.40992
W4_P4,36.0,2,0.7998,13.092,0.0,13.092,20.0,20.0,1.5,1.0,29.2078,0.0,0.0,3.0,600.0,600.0,1.0,1.0,1.0,16967.55072,0.0,16967.55072
W4_P4,36.0,3,0.99,20.168,0.0,20.168,20.0,20.0,1.5,1.0,22.322,0.0,0.0,3.0,600.0,600.0,1.0,1.0,1.0,15671.2528,0.0,15671.2528
W4_P4,36.0,4,1.1802,19.276,0.0,19.276,20.0,20.0,1.5,1.0,23.4042,0.0,0.0,3.0,600.0,600.0,1.0,1.0,1.0,15907.99808,0.0,15907.99808
W4_P4,36.0,5,1.6302,23.08,0.0,23.08,20.0,20.0,1.5,1.0,20.0502,-0.0,0.0,3.0,600.0,600.0,1.0,1.0,1.0,15330.18848,-0.0,15330.18848
W4_P4,36.0,6,2.5002,28.356,0.0,28.356,20.0,20.0,1.5,1.0,15.6442,0.0,0.0,3.0,600.0,600.0,1.0,1.0,1.0,14612.97408,0.0,14612.97408
W4_P4,36.0,7,3.3702,26.36,0.0,26.36,11.079422,11.079422,0.830957,0.553971,0.0,0.0,0.0,1.661913,332.382651,332.382651,0.553971,0.553971,0.553971,6725.517335,0.0,6725.517335
W4_P4,36.0,8,4.0098,25.076,0.0,25.076,2.0,2.0,0.15,0.1,0.0,16.9162,0.0,0.3,60.0,60.0,0.1,0.1,0.1,4261.7,6392.63198,-2130.93198
W4_P4,36.0,9,4.2,22.112,0.0,22.112,8.632289,8.632289,0.647422,0.431614,0.0,0.0,0.0,1.294843,258.968675,258.968675,0.431614,0.431614,0.431614,5476.167133,0.0,5476.167133
W4_P4,36.0,10,4.1202,8.996,0.0,8.996,2.0,2.0,0.15,0.1,0.0,0.7258,0.0,0.3,60.0,60.0,0.1,0.1,0.1,1849.7,274.27982,1575.42018
W4_P4,36.0,11,3.9,7.652,1.28,8.932,2.0,2.0,0.15,0.1,0.0,0.882,0.0,0.3,60.0,60.0,0.1,0.1,0.1,1801.7,333.3078,1468.3922
W4_P4,36.0,12,3.2598,10.816,5.12,15.936,5.019663,5.019663,0.376475,0.250983,0.0,2.2604,0.0,0.752949,150.58988,150.58988,0.250983,0.250983,0.250983,3492.468612,854.20516,2638.263452
W4_P4,36.0,13,2.6898,10.952,7.68,18.632,7.682988,7.682988,0.576224,0.384149,0.0,0.0,0.0,1.152448,230.489639,230.489639,0.384149,0.384149,0.384149,4486.299436,0.0,4486.299436
W4_P4,36.0,14,3.63,15.152,5.12,20.272,8.020241,8.020241,0.601518,0.401012,0.0,0.0,0.0,1.203036,240.607229,240.607229,0.401012,0.401012,0.401012,4893.463277,0.0,4893.463277
W4_P4,36.0,15,3.8202,21.66,1.28,22.94,9.214361,9.214361,0.691077,0.460718,0.0,0.0,0.0,1.382154,276.430843,276.430843,0.460718,0.460718,0.460718,5707.572516,0.0,5707.572516
W4_P4,36.0,16,3.75,17.16,0.0,17.16,2.0,2.0,0.15,0.1,0.0,9.26,0.0,0.3,60.0,60.0,0.1,0.1,0.1,3074.3,3499.354,-425.054
W4_P4,36.0,17,3.1398,16.612,0.0,16.612,6.492627,6.492627,0.486947,0.324631,0.0,0.0,0.0,0.973894,194.778795,194.778795,0.324631,0.324631,0.324631,4115.93052,0.0,4115.93052
W4_P4,36.0,18,2.61,15.328,0.0,15.328,6.129157,6.129157,0.459687,0.306458,0.0,0.0,0.0,0.919373,183.874699,183.874699,0.306458,0.306458,0.306458,3832.40853,0.0,3832.40853
W4_P4,36.0,19,2.1198,9.416,0.0,9.416,3.516241,3.516241,0.263718,0.175812,0.0,0.0,0.0,0.527436,105.487229,105.487229,0.175812,0.175812,0.175812,2291.987677,0.0,2291.987677
W4_P4,36.0,20,1.86,8.808,0.0,8.808,2.0,2.0,0.15,0.1,0.0,2.798,0.0,0.3,60.0,60.0,0.1,0.1,0.1,1821.5,1057.3642,764.1358
W4_P4,36.0,21,1.6302,5.216,0.0,5.216,2.0,2.0,0.15,0.1,0.5642,0.0,0.0,0.3,60.0,60.0,0.1,0.1,0.1,1625.39508,0.0,1625.39508
W4_P4,36.0,22,1.56,6.152,0.0,6.152,2.213012,2.213012,0.165976,0.110651,0.0,0.0,0.0,0.331952,66.390361,66.390361,0.110651,0.110651,0.110651,1476.384964,0.0,1476.384964
W4_P4,36.0,23,1.4802,8.464,0.0,8.464,20.0,20.0,1.5,1.0,34.5162,0.0,0.0,3.0,600.0,600.0,1.0,1.0,1.0,18090.94688,0.0,18090.94688
W5_P1,72.0,0,1.3698,9.776,0.0,9.776,20.0,20.0,1.5,1.0,33.0938,0.0,0.0,3.0,600.0,600.0,1.0,1.0,1.0,17800.71712,0.0,17800.71712
W5_P1,72.0,1,1.0998,13.5,0.0,13.5,20.0,20.0,1.5,1.0,29.0998,0.0,0.0,3.0,600.0,600.0,1.0,1.0,1.0,16991.77152,0.0,16991.77152
W5_P1,72.0,2,0.7998,15.392,0.0,15.392,20.0,20.0,1.5,1.0,26.9078,0.0,0.0,3.0,600.0,600.0,1.0,1.0,1.0,16525.03072,0.0,16525.03072
W5_P1,72.0,3,0.99,13.312,0.0,13.312,20.0,20.0,1.5,1.0,29.178,0.0,0.0,3.0,600.0,600.0,1.0,1.0,1.0,16990.3472,0.0,16990.3472
W5_P1,72.0,4,1.1802,15.144,0.0,15.144,20.0,20.0,1.5,1.0,27.5362,0.0,0.0,3.0,600.0,600.0,1.0,1.0,1.0,16702.99488,0.0,16702.99488
W5_P1,72.0,5,1.6302,14.316,0.0,14.316,20.0,20.0,1.5,1.0,28.8142,0.0,0.0,3.0,600.0,600.0,1.0,1.0,1.0,17016.38208,0.0,17016.38208
W5_P1,72.0,6,2.5002,17.852,14.08,31.932,20.0,20.0,1.5,1.0,12.0682,0.0,0.0,3.0,600.0,600.0,1.0,1.0,1.0,13502.55168,0.0,13502.55168
W5_P1,72.0,7,3.3702,9.628,25.6,35.228,20.0,20.0,1.5,1.0,9.6422,0.0,0.0,3.0,600.0,600.0,1.0,1.0,1.0,15375.87228,0.0,15375.87228
W5_P1,72.0,8,4.0098,22.324,37.12,59.444,20.0,20.0,1.5,1.0,0.0,13.9342,0.0,3.0,600.0,600.0,1.0,1.0,1.0,12806.0,5265.73418,7540.26582
W5_P1,72.0,9,4.2,20.928,46.08,67.008,20.0,20.0,1.5,1.0,0.0,21.308,0.0,3.0,600.0,600.0,1.0,1.0,1.0,13671.8,8052.2932,5619.5068
W5_P1,72.0,10,4.1202,15.996,52.48,68.476,20.0,20.0,1.5,1.0,0.0,22.8558,0.0,3.0,600.0,600.0,1.0,1.0,1.0,13700.0,8637.20682,5062.79318
W5_P1,72.0,11,3.9,14.328,55.04,69.368,20.0,20.0,1.5,1.0,0.0,23.968,0.0,3.0,600.0,600.0,1.0,1.0,1.0,13757.0,9057.5072,4699.4928
W5_P1,72.0,12,3.2598,12.74,56.32,69.06,20.0,20.0,1.5,1.0,0.0,24.3002,0.0,3.0,600.0,600.0,1.0,1.0,1.0,13672.4,9183.04558,4489.35442
W5_P1,72.0,13,2.6898,12.812,56.32,69.132,20.0,20.0,1.5,1.0,0.0,24.9422,0.0,3.0,600.0,600.0,1.0,1.0,1.0,13683.2,9425.65738,4257.54262
W5_P1,72.0,14,3.63,8.256,52.48,60.736,20.0,20.0,1.5,1.0,0.0,15.606,0.0,3.0,600.0,600.0,1.0,1.0,1.0,12539.0,5897.5074,6641.4926
W5_P1,72.0,15,3.8202,8.556,44.8,53.356,20.0,20.0,1.5,1.0,0.0,8.0358,0.0,3.0,600.0,600.0,1.0,1.0,1.0,11662.4,3036.72882,8625.67118
W5_P1,72.0,16,3.75,15.664,33.28,48.944,20.0,20.0,1.5,1.0,0.0,3.694,0.0,3.0,600.0,600.0,1.0,1.0,1.0,11346.2,1395.9626,9950.2374
W5_P1,72.0,17,3.1398,8.372,24.32,32.692,20.0,20.0,1.5,1.0,11.9478,0.0,0.0,3.0,600.0,600.0,1.0,1.0,1.0,16434.29372,0.0,16434.29372
W5_P1,72.0,18,2.61,7.872,11.52,19.392,20.0,20.0,1.5,1.0,24.718,0.0,0.0,3.0,600.0,600.0,1.0,1.0,1.0,27399.9232,0.0,27399.9232
W5_P1,72.0,19,2.1198,11.176,0.0,11.176,20.0,20.0,1.5,1.0,32.4438,0.0,0.0,3.0,600.0,600.0,1.0,1.0,1.0,32712.30512,0.0,32712.30512
W5_P1,72.0,20,1.86,9.884,0.0,9.884,20.0,20.0,1.5,1.0,33.476,0.0,0.0,3.0,600.0,600.0,1.0,1.0,1.0,33346.7424,0.0,33346.7424
W5_P1,72.0,21,1.6302,9.02,0.0,9.02,20.0,20.0,1.5,1.0,34.1102,0.0,0.0,3.0,600.0,600.0,1.0,1.0,1.0,27074.53548,0.0,27074.53548
W5_P1,72.0,22,1.56,6.204,0.0,6.204,20.0,20.0,1.5,1.0,36.856,0.0,0.0,3.0,600.0,600.0,1.0,1.0,1.0,28319.9344,0.0,28319.9344
W5_P1,72.0,23,1.4802,16.928,0.0,16.928,20.0,20.0,1.5,1.0,26.0522,0.0,0.0,3.0,600.0,600.0,1.0,1.0,1.0,16462.47328,0.0,16462.47328
W5_P1,63.0,0,1.3698,9.776,0.0,9.776,20.0,20.0,1.5,1.0,33.0938,0.0,0.0,3.0,600.0,600.0,1.0,1.0,1.0,17800.71712,0.0,17800.71712
W5_P1,63.0,1,1.0998,13.5,0.0,13.5,20.0,20.0,1.5,1.0,29.0998,0.0,0.0,3.0,600.0,600.0,1.0,1.0,1.0,16991.77152,0.0,16991.77152
W5_P1,63.0,2,0.7998,15.392,0.0,15.392,20.0,20.0,1.5,1.0,26.9078,0.0,0.0,3.0,600.0,600.0,1.0,1.0,1.0,16525.03072,0.0,16525.03072
W5_P1,63.0,3,0.99,13.312,0.0,13.312,20.0,20.0,1.5,1.0,29.178,0.0,0.0,3.0,600.0,600.0,1.0,1.0,1.0,16990.3472,0.0,16990.3472
W5_P1,63.0,4,1.1802,15.144,0.0,15.144,20.0,20.0,1.5,1.0,27.5362,0.0,0.0,3.0,600.0,600.0,1.0,1.0,1.0,16702.99488,0.0,16702.99488
W5_P1,63.0,5,1.6302,14.316,0.0,14.316,20.0,20.0,1.5,1.0,28.8142,0.0,0.0,3.0,600.0,600.0,1.0,1.0,1.0,17016.38208,0.0,17016.38208
W5_P1,63.0,6,2.5002,17.852,14.08,31.932,20.0,20.0,1.5,1.0,12.0682,0.0,0.0,3.0,600.0,600.0,1.0,1.0,1.0,13502.55168,0.0,13502.55168
W5_P1,63.0,7,3.3702,9.628,25.6,35.228,15.353157,15.353157,1.151487,0.767658,0.0,0.0,0.0,2.302973,460.594699,460.594699,0.767658,0.767658,0.767658,8356.79213,0.0,8356.79213
W5_P1,63.0,8,4.0098,22.324,37.12,59.444,20.0,20.0,1.5,1.0,0.0,13.9342,0.0,3.0,600.0,600.0,1.0,1.0,1.0,12806.0,5265.73418,7540.26582
W5_P1,63.0,9,4.2,20.928,46.08,67.008,20.0,20.0,1.5,1.0,0.0,21.308,0.0,3.0,600.0,600.0,1.0,1.0,1.0,13671.8,8052.2932,5619.5068
W5_P1,63.0,10,4.1202,15.996,52.48,68.476,20.0,20.0,1.5,1.0,0.0,22.8558,0.0,3.0,600.0,600.0,1.0,1.0,1.0,13700.0,8637.20682,5062.79318
W5_P1,63.0,11,3.9,14.328,55.04,69.368,20.0,20.0,1.5,1.0,0.0,23.968,0.0,3.0,600.0,600.0,1.0,1.0,1.0,13757.0,9057.5072,4699.4928
W5_P1,63.0,12,3.2598,12.74,56.32,69.06,20.0,20.0,1.5,1.0,0.0,24.3002,0.0,3.0,600.0,600.0,1.0,1.0,1.0,13672.4,9183.04558,4489.35442
W5_P1,63.0,13,2.6898,12.812,56.32,69.132,20.0,20.0,1.5,1.0,0.0,24.9422,0.0,3.0,600.0,600.0,1.0,1.0,1.0,13683.2,9425.65738,4257.54262
W5_P1,63.0,14,3.63,8.256,52.48,60.736,20.0,20.0,1.5,1.0,0.0,15.606,0.0,3.0,600.0,600.0,1.0,1.0,1.0,12539.0,5897.5074,6641.4926
W5_P1,63.0,15,3.8202,8.556,44.8,53.356,20.0,20.0,1.5,1.0,0.0,8.0358,0.0,3.0,600.0,600.0,1.0,1.0,1.0,11662.4,3036.72882,8625.67118
W5_P1,63.0,16,3.75,15.664,33.28,48.944,20.0,20.0,1.5,1.0,0.0,3.694,0.0,3.0,600.0,600.0,1.0,1.0,1.0,11346.2,1395.9626,9950.2374
W5_P1,63.0,17,3.1398,8.372,24.32,32.692,14.242024,14.242024,1.068152,0.712101,0.0,0.0,0.0,2.136304,427.260723,427.260723,0.712101,0.712101,0.712101,7736.842328,0.0,7736.842328
W5_P1,63.0,18,2.61,7.872,11.52,19.392,8.087711,8.087711,0.606578,0.404386,0.0,0.0,0.0,1.213157,242.631325,242.631325,0.404386,0.404386,0.404386,4586.340867,0.0,4586.340867
W5_P1,63.0,19,2.1198,11.176,0.0,11.176,4.364434,4.364434,0.327333,0.218222,0.0,0.0,0.0,0.654665,130.933012,130.933012,0.218222,0.218222,0.218222,2768.163099,0.0,2768.163099
W5_P1,63.0,20,1.86,9.884,0.0,9.884,3.866988,3.866988,0.290024,0.193349,0.0,0.0,0.0,0.580048,116.009639,116.009639,0.193349,0.193349,0.193349,2449.927036,0.0,2449.927036
W5_P1,63.0,21,1.6302,9.02,0.0,9.02,14.085687,14.085687,1.056427,0.704284,21.838,0.0,0.0,2.112853,422.570602,422.570602,0.704284,0.704284,0.704284,18140.93574,0.0,18140.93574
W5_P1,63.0,22,1.56,6.204,0.0,6.204,20.0,20.0,1.5,1.0,36.856,0.0,0.0,3.0,600.0,600.0,1.0,1.0,1.0,28319.9344,0.0,28319.9344
W5_P1,63.0,23,1.4802,16.928,0.0,16.928,20.0,20.0,1.5,1.0,26.0522,0.0,0.0,3.0,600.0,600.0,1.0,1.0,1.0,16462.47328,0.0,16462.47328
W5_P1,54.0,0,1.3698,9.776,0.0,9.776,20.0,20.0,1.5,1.0,33.0938,0.0,0.0,3.0,600.0,600.0,1.0,1.0,1.0,17800.71712,0.0,17800.71712
W5_P1,54.0,1,1.0998,13.5,0.0,13.5,20.0,20.0,1.5,1.0,29.0998,0.0,0.0,3.0,600.0,600.0,1.0,1.0,1.0,16991.77152,0.0,16991.77152
W5_P1,54.0,2,0.7998,15.392,0.0,15.392,20.0,20.0,1.5,1.0,26.9078,0.0,0.0,3.0,600.0,600.0,1.0,1.0,1.0,16525.03072,0.0,16525.03072
W5_P1,54.0,3,0.99,13.312,0.0,13.312,20.0,20.0,1.5,1.0,29.178,0.0,0.0,3.0,600.0,600.0,1.0,1.0,1.0,16990.3472,0.0,16990.3472
W5_P1,54.0,4,1.1802,15.144,0.0,15.144,20.0,20.0,1.5,1.0,27.5362,0.0,0.0,3.0,600.0,600.0,1.0,1.0,1.0,16702.99488,0.0,16702.99488
W5_P1,54.0,5,1.6302,14.316,0.0,14.316,20.0,20.0,1.5,1.0,28.8142,0.0,0.0,3.0,600.0,600.0,1.0,1.0,1.0,17016.38208,0.0,17016.38208
W5_P1,54.0,6,2.5002,17.852,14.08,31.932,20.0,20.0,1.5,1.0,12.0682,0.0,0.0,3.0,600.0,600.0,1.0,1.0,1.0,13502.55168,0.0,13502.55168
W5_P1,54.0,7,3.3702,9.628,25.6,35.228,15.353157,15.353157,1.151487,0.767658,0.0,0.0,0.0,2.302973,460.594699,460.594699,0.767658,0.767658,0.767658,8356.79213,0.0,8356.79213
W5_P1,54.0,8,4.0098,22.324,37.12,59.444,20.0,20.0,1.5,1.0,0.0,13.9342,0.0,3.0,600.0,600.0,1.0,1.0,1.0,12806.0,5265.73418,7540.26582
W5_P1,54.0,9,4.2,20.928,46.08,67.008,20.0,20.0,1.5,1.0,0.0,21.308,0.0,3.0,600.0,600.0,1.0,1.0,1.0,13671.8,8052.2932,5619.5068
W5_P1,54.0,10,4.1202,15.996,52.48,68.476,20.0,20.0,1.5,1.0,0.0,22.8558,0.0,3.0,600.0,600.0,1.0,1.0,1.0,13700.0,8637.20682,5062.79318
W5_P1,54.0,11,3.9,14.328,55.04,69.368,20.0,20.0,1.5,1.0,0.0,23.968,0.0,3.0,600.0,600.0,1.0,1.0,1.0,13757.0,9057.5072,4699.4928
W5_P1,54.0,12,3.2598,12.74,56.32,69.06,20.0,20.0,1.5,1.0,0.0,24.3002,0.0,3.0,600.0,600.0,1.0,1.0,1.0,13672.4,9183.04558,4489.35442
W5_P1,54.0,13,2.6898,12.812,56.32,69.132,20.0,20.0,1.5,1.0,0.0,24.9422,0.0,3.0,600.0,600.0,1.0,1.0,1.0,13683.2,9425.65738,4257.54262
W5_P1,54.0,14,3.63,8.256,52.48,60.736,20.0,20.0,1.5,1.0,0.0,15.606,0.0,3.0,600.0,600.0,1.0,1.0,1.0,12539.0,5897.5074,6641.4926
W5_P1,54.0,15,3.8202,8.556,44.8,53.356,6.286265,6.286265,0.47147,0.314313,0.0,36.4918,0.0,0.94294,188.587952,188.587952,0.314313,0.314313,0.314313,8231.909205,13790.25122,-5558.342015
W5_P1,54.0,16,3.75,15.664,33.28,48.944,2.0,2.0,0.15,0.1,0.0,41.044,0.0,0.3,60.0,60.0,0.1,0.1,0.1,6843.5,15510.5276,-8667.0276
W5_P1,54.0,17,3.1398,8.372,24.32,32.692,14.242024,14.242024,1.068152,0.712101,0.0,0.0,0.0,2.136304,427.260723,427.260723,0.712101,0.712101,0.712101,7736.842328,0.0,7736.842328
W5_P1,54.0,18,2.61,7.872,11.52,19.392,8.087711,8.087711,0.606578,0.404386,0.0,0.0,0.0,1.213157,242.631325,242.631325,0.404386,0.404386,0.404386,4586.340867,0.0,4586.340867
W5_P1,54.0,19,2.1198,11.176,0.0,11.176,4.364434,4.364434,0.327333,0.218222,0.0,0.0,0.0,0.654665,130.933012,130.933012,0.218222,0.218222,0.218222,2768.163099,0.0,2768.163099
W5_P1,54.0,20,1.86,9.884,0.0,9.884,3.866988,3.866988,0.290024,0.193349,0.0,0.0,0.0,0.580048,116.009639,116.009639,0.193349,0.193349,0.193349,2449.927036,0.0,2449.927036
W5_P1,54.0,21,1.6302,9.02,0.0,9.02,3.561349,3.561349,0.267101,0.178067,0.0,0.0,0.0,0.534202,106.840482,106.840482,0.178067,0.178067,0.178067,2243.871552,0.0,2243.871552
W5_P1,54.0,22,1.56,6.204,0.0,6.204,2.238072,2.238072,0.167855,0.111904,0.0,0.0,0.0,0.335711,67.142169,67.142169,0.111904,0.111904,0.111904,1490.453783,0.0,1490.453783
W5_P1,54.0,23,1.4802,16.928,0.0,16.928,20.0,20.0,1.5,1.0,26.0522,0.0,0.0,3.0,600.0,600.0,1.0,1.0,1.0,16462.47328,0.0,16462.47328
W5_P1,45.0,0,1.3698,9.776,0.0,9.776,20.0,20.0,1.5,1.0,33.0938,0.0,0.0,3.0,600.0,600.0,1.0,1.0,1.0,17800.71712,0.0,17800.71712
W5_P1,45.0,1,1.0998,13.5,0.0,13.5,20.0,20.0,1.5,1.0,29.0998,-0.0,0.0,3.0,600.0,600.0,1.0,1.0,1.0,16991.77152,-0.0,16991.77152
W5_P1,45.0,2,0.7998,15.392,0.0,15.392,20.0,20.0,1.5,1.0,26.9078,0.0,0.0,3.0,600.0,600.0,1.0,1.0,1.0,16525.03072,0.0,16525.03072
W5_P1,45.0,3,0.99,13.312,0.0,13.312,20.0,20.0,1.5,1.0,29.178,0.0,0.0,3.0,600.0,600.0,1.0,1.0,1.0,16990.3472,0.0,16990.3472
W5_P1,45.0,4,1.1802,15.144,0.0,15.144,20.0,20.0,1.5,1.0,27.5362,0.0,0.0,3.0,600.0,600.0,1.0,1.0,1.0,16702.99488,0.0,16702.99488
W5_P1,45.0,5,1.6302,14.316,0.0,14.316,20.0,20.0,1.5,1.0,28.8142,-0.0,0.0,3.0,600.0,600.0,1.0,1.0,1.0,17016.38208,-0.0,17016.38208
W5_P1,45.0,6,2.5002,17.852,14.08,31.932,20.0,20.0,1.5,1.0,12.0682,-0.0,0.0,3.0,600.0,600.0,1.0,1.0,1.0,13502.55168,-0.0,13502.55168
W5_P1,45.0,7,3.3702,9.628,25.6,35.228,15.353157,15.353157,1.151487,0.767658,0.0,0.0,0.0,2.302973,460.594699,460.594699,0.767658,0.767658,0.767658,8356.79213,0.0,8356.79213
W5_P1,45.0,8,4.0098,22.324,37.12,59.444,20.0,20.0,1.5,1.0,0.0,13.9342,0.0,3.0,600.0,600.0,1.0,1.0,1.0,12806.0,5265.73418,7540.26582
W5_P1,45.0,9,4.2,20.928,46.08,67.008,20.0,20.0,1.5,1.0,0.0,21.308,0.0,3.0,600.0,600.0,1.0,1.0,1.0,13671.8,8052.2932,5619.5068
W5_P1,45.0,10,4.1202,15.996,52.48,68.476,20.0,20.0,1.5,1.0,0.0,22.8558,0.0,3.0,600.0,600.0,1.0,1.0,1.0,13700.0,8637.20682,5062.79318
W5_P1,45.0,11,3.9,14.328,55.04,69.368,20.0,20.0,1.5,1.0,0.0,23.968,0.0,3.0,600.0,600.0,1.0,1.0,1.0,13757.0,9057.5072,4699.4928
W5_P1,45.0,12,3.2598,12.74,56.32,69.06,20.0,20.0,1.5,1.0,0.0,24.3002,0.0,3.0,600.0,600.0,1.0,1.0,1.0,13672.4,9183.04558,4489.35442
W5_P1,45.0,13,2.6898,12.812,56.32,69.132,2.980434,2.980434,0.223533,0.149022,0.0,60.2578,0.0,0.447065,89.413012,89.413012,0.149022,0.149022,0.149022,9425.755499,22771.42262,-13345.667121
W5_P1,45.0,14,3.63,8.256,52.48,60.736,2.0,2.0,0.15,0.1,0.0,52.956,0.0,0.3,60.0,60.0,0.1,0.1,0.1,8036.3,20012.0724,-11975.7724
W5_P1,45.0,15,3.8202,8.556,44.8,53.356,2.0,2.0,0.15,0.1,0.0,45.3858,0.0,0.3,60.0,60.0,0.1,0.1,0.1,7159.7,17151.29382,-9991.59382
W5_P1,45.0,16,3.75,15.664,33.28,48.944,2.0,2.0,0.15,0.1,0.0,41.044,0.0,0.3,60.0,60.0,0.1,0.1,0.1,6843.5,15510.5276,-8667.0276
W5_P1,45.0,17,3.1398,8.372,24.32,32.692,2.0,2.0,0.15,0.1,0.0,25.4022,0.0,0.3,60.0,60.0,0.1,0.1,0.1,4674.5,9599.49138,-4924.99138
W5_P1,45.0,18,2.61,7.872,11.52,19.392,2.0,2.0,0.15,0.1,0.0,12.632,0.0,0.3,60.0,60.0,0.1,0.1,0.1,3063.5,4773.6328,-1710.1328
W5_P1,45.0,19,2.1198,11.176,0.0,11.176,2.0,2.0,0.15,0.1,0.0,4.9062,0.0,0.3,60.0,60.0,0.1,0.1,0.1,2176.7,1854.05298,322.64702
W5_P1,45.0,20,1.86,9.884,0.0,9.884,3.866988,3.866988,0.290024,0.193349,0.0,0.0,0.0,0.580048,116.009639,116.009639,0.193349,0.193349,0.193349,2449.927036,0.0,2449.927036
W5_P1,45.0,21,1.6302,9.02,0.0,9.02,3.561349,3.561349,0.267101,0.178067,0.0,0.0,0.0,0.534202,106.840482,106.840482,0.178067,0.178067,0.178067,2243.871552,0.0,2243.871552
W5_P1,45.0,22,1.56,6.204,0.0,6.204,2.238072,2.238072,0.167855,0.111904,0.0,0.0,0.0,0.335711,67.142169,67.142169,0.111904,0.111904,0.111904,1490.453783,0.0,1490.453783
W5_P1,45.0,23,1.4802,16.928,0.0,16.928,20.0,20.0,1.5,1.0,26.0522,-0.0,0.0,3.0,600.0,600.0,1.0,1.0,1.0,16462.47328,-0.0,16462.47328
W5_P1,36.0,0,1.3698,9.776,0.0,9.776,20.0,20.0,1.5,1.0,33.0938,0.0,0.0,3.0,600.0,600.0,1.0,1.0,1.0,17800.71712,0.0,17800.71712
W5_P1,36.0,1,1.0998,13.5,0.0,13.5,20.0,20.0,1.5,1.0,29.0998,-0.0,0.0,3.0,600.0,600.0,1.0,1.0,1.0,16991.77152,-0.0,16991.77152
W5_P1,36.0,2,0.7998,15.392,0.0,15.392,20.0,20.0,1.5,1.0,26.9078,0.0,0.0,3.0,600.0,600.0,1.0,1.0,1.0,16525.03072,0.0,16525.03072
W5_P1,36.0,3,0.99,13.312,0.0,13.312,20.0,20.0,1.5,1.0,29.178,0.0,0.0,3.0,600.0,600.0,1.0,1.0,1.0,16990.3472,0.0,16990.3472
W5_P1,36.0,4,1.1802,15.144,0.0,15.144,20.0,20.0,1.5,1.0,27.5362,0.0,0.0,3.0,600.0,600.0,1.0,1.0,1.0,16702.99488,0.0,16702.99488
W5_P1,36.0,5,1.6302,14.316,0.0,14.316,20.0,20.0,1.5,1.0,28.8142,-0.0,0.0,3.0,600.0,600.0,1.0,1.0,1.0,17016.38208,-0.0,17016.38208
W5_P1,36.0,6,2.5002,17.852,14.08,31.932,20.0,20.0,1.5,1.0,12.0682,-0.0,0.0,3.0,600.0,600.0,1.0,1.0,1.0,13502.55168,-0.0,13502.55168
W5_P1,36.0,7,3.3702,9.628,25.6,35.228,15.353157,15.353157,1.151487,0.767658,0.0,0.0,0.0,2.302973,460.594699,460.594699,0.767658,0.767658,0.767658,8356.79213,0.0,8356.79213
W5_P1,36.0,8,4.0098,22.324,37.12,59.444,20.0,20.0,1.5,1.0,0.0,13.9342,0.0,3.0,600.0,600.0,1.0,1.0,1.0,12806.0,5265.73418,7540.26582
W5_P1,36.0,9,4.2,20.928,46.08,67.008,14.980434,14.980434,1.123533,0.749022,0.0,31.7236,0.0,2.247065,449.413012,449.413012,0.749022,0.749022,0.749022,12416.155499,11988.34844,427.807059
W5_P1,36.0,10,4.1202,15.996,52.48,68.476,2.0,2.0,0.15,0.1,0.0,60.2058,0.0,0.3,60.0,60.0,0.1,0.1,0.1,9197.3,22751.77182,-13554.47182
W5_P1,36.0,11,3.9,14.328,55.04,69.368,2.0,2.0,0.15,0.1,0.0,61.318,0.0,0.3,60.0,60.0,0.1,0.1,0.1,9254.3,23172.0722,-13917.7722
W5_P1,36.0,12,3.2598,12.74,56.32,69.06,2.0,2.0,0.15,0.1,0.0,61.6502,0.0,0.3,60.0,60.0,0.1,0.1,0.1,9169.7,23297.61058,-14127.91058
W5_P1,36.0,13,2.6898,12.812,56.32,69.132,2.0,2.0,0.15,0.1,0.0,62.2922,0.0,0.3,60.0,60.0,0.1,0.1,0.1,9180.5,23540.22238,-14359.72238
W5_P1,36.0,14,3.63,8.256,52.48,60.736,2.0,2.0,0.15,0.1,0.0,52.956,0.0,0.3,60.0,60.0,0.1,0.1,0.1,8036.3,20012.0724,-11975.7724
W5_P1,36.0,15,3.8202,8.556,44.8,53.356,2.0,2.0,0.15,0.1,0.0,45.3858,0.0,0.3,60.0,60.0,0.1,0.1,0.1,7159.7,17151.29382,-9991.59382
W5_P1,36.0,16,3.75,15.664,33.28,48.944,2.0,2.0,0.15,0.1,0.0,41.044,0.0,0.3,60.0,60.0,0.1,0.1,0.1,6843.5,15510.5276,-8667.0276
W5_P1,36.0,17,3.1398,8.372,24.32,32.692,2.0,2.0,0.15,0.1,0.0,25.4022,0.0,0.3,60.0,60.0,0.1,0.1,0.1,4674.5,9599.49138,-4924.99138
W5_P1,36.0,18,2.61,7.872,11.52,19.392,2.0,2.0,0.15,0.1,0.0,12.632,0.0,0.3,60.0,60.0,0.1,0.1,0.1,3063.5,4773.6328,-1710.1328
W5_P1,36.0,19,2.1198,11.176,0.0,11.176,2.0,2.0,0.15,0.1,0.0,4.9062,0.0,0.3,60.0,60.0,0.1,0.1,0.1,2176.7,1854.05298,322.64702
W5_P1,36.0,20,1.86,9.884,0.0,9.884,3.866988,3.866988,0.290024,0.193349,0.0,0.0,0.0,0.580048,116.009639,116.009639,0.193349,0.193349,0.193349,2449.927036,0.0,2449.927036
W5_P1,36.0,21,1.6302,9.02,0.0,9.02,3.561349,3.561349,0.267101,0.178067,0.0,0.0,0.0,0.534202,106.840482,106.840482,0.178067,0.178067,0.178067,2243.871552,0.0,2243.871552
W5_P1,36.0,22,1.56,6.204,0.0,6.204,2.238072,2.238072,0.167855,0.111904,0.0,0.0,0.0,0.335711,67.142169,67.142169,0.111904,0.111904,0.111904,1490.453783,0.0,1490.453783
W5_P1,36.0,23,1.4802,16.928,0.0,16.928,20.0,20.0,1.5,1.0,26.0522,-0.0,0.0,3.0,600.0,600.0,1.0,1.0,1.0,16462.47328,-0.0,16462.47328
W5_P2,72.0,0,1.3698,9.776,0.0,9.776,20.0,20.0,1.5,1.0,33.0938,0.0,0.0,3.0,600.0,600.0,1.0,1.0,1.0,17800.71712,0.0,17800.71712
W5_P2,72.0,1,1.0998,13.5,0.0,13.5,20.0,20.0,1.5,1.0,29.0998,0.0,0.0,3.0,600.0,600.0,1.0,1.0,1.0,16991.77152,0.0,16991.77152
W5_P2,72.0,2,0.7998,15.392,0.0,15.392,20.0,20.0,1.5,1.0,26.9078,0.0,0.0,3.0,600.0,600.0,1.0,1.0,1.0,16525.03072,0.0,16525.03072
W5_P2,72.0,3,0.99,13.312,0.0,13.312,20.0,20.0,1.5,1.0,29.178,0.0,0.0,3.0,600.0,600.0,1.0,1.0,1.0,16990.3472,0.0,16990.3472
W5_P2,72.0,4,1.1802,15.144,0.0,15.144,20.0,20.0,1.5,1.0,27.5362,0.0,0.0,3.0,600.0,600.0,1.0,1.0,1.0,16702.99488,0.0,16702.99488
W5_P2,72.0,5,1.6302,14.316,0.0,14.316,20.0,20.0,1.5,1.0,28.8142,0.0,0.0,3.0,600.0,600.0,1.0,1.0,1.0,17016.38208,0.0,17016.38208
W5_P2,72.0,6,2.5002,17.852,0.0,17.852,20.0,20.0,1.5,1.0,26.1482,0.0,0.0,3.0,600.0,600.0,1.0,1.0,1.0,16633.94368,0.0,16633.94368
W5_P2,72.0,7,3.3702,9.628,3.2,12.828,20.0,20.0,1.5,1.0,32.0422,0.0,0.0,3.0,600.0,600.0,1.0,1.0,1.0,26293.63228,0.0,26293.63228
W5_P2,72.0,8,4.0098,22.324,10.88,33.204,20.0,20.0,1.5,1.0,12.3058,0.0,0.0,3.0,600.0,600.0,1.0,1.0,1.0,17131.74292,0.0,17131.74292
W5_P2,72.0,9,4.2,20.928,17.92,38.848,20.0,20.0,1.5,1.0,6.852,0.0,0.0,3.0,600.0,600.0,1.0,1.0,1.0,14454.5048,0.0,14454.5048
W5_P2,72.0,10,4.1202,15.996,24.96,40.956,20.0,20.0,1.5,1.0,4.6642,0.0,0.0,3.0,600.0,600.0,1.0,1.0,1.0,14140.15408,0.0,14140.15408
W5_P2,72.0,11,3.9,14.328,31.36,45.688,20.0,20.0,1.5,1.0,0.0,0.288,0.0,3.0,600.0,600.0,1.0,1.0,1.0,10915.4,108.8352,10806.5648
W5_P2,72.0,12,3.2598,12.74,35.84,48.58,20.0,20.0,1.5,1.0,0.0,3.8202,0.0,3.0,600.0,600.0,1.0,1.0,1.0,11214.8,1443.65358,9771.14642
W5_P2,72.0,13,2.6898,12.812,37.12,49.932,20.0,20.0,1.5,1.0,0.0,5.7422,0.0,3.0,600.0,600.0,1.0,1.0,1.0,11379.2,2169.97738,9209.22262
W5_P2,72.0,14,3.63,8.256,32.0,40.256,20.0,20.0,1.5,1.0,4.874,0.0,0.0,3.0,600.0,600.0,1.0,1.0,1.0,13992.2976,0.0,13992.2976
W5_P2,72.0,15,3.8202,8.556,25.6,34.156,20.0,20.0,1.5,1.0,11.1642,0.0,0.0,3.0,600.0,600.0,1.0,1.0,1.0,16139.53508,0.0,16139.53508
W5_P2,72.0,16,3.75,15.664,19.2,34.864,20.0,20.0,1.5,1.0,10.386,0.0,0.0,3.0,600.0,600.0,1.0,1.0,1.0,15965.0564,0.0,15965.0564
W5_P2,72.0,17,3.1398,8.372,9.6,17.972,20.0,20.0,1.5,1.0,26.6678,0.0,0.0,3.0,600.0,600.0,1.0,1.0,1.0,23608.82172,0.0,23608.82172
W5_P2,72.0,18,2.61,7.872,3.2,11.072,20.0,20.0,1.5,1.0,33.038,0.0,0.0,3.0,600.0,600.0,1.0,1.0,1.0,33077.4912,0.0,33077.4912
W5_P2,72.0,19,2.1198,11.176,0.0,11.176,20.0,20.0,1.5,1.0,32.4438,0.0,0.0,3.0,600.0,600.0,1.0,1.0,1.0,32712.30512,0.0,32712.30512
W5_P2,72.0,20,1.86,9.884,0.0,9.884,20.0,20.0,1.5,1.0,33.476,0.0,0.0,3.0,600.0,600.0,1.0,1.0,1.0,33346.7424,0.0,33346.7424
W5_P2,72.0,21,1.6302,9.02,0.0,9.02,20.0,20.0,1.5,1.0,34.1102,0.0,0.0,3.0,600.0,600.0,1.0,1.0,1.0,27074.53548,0.0,27074.53548
W5_P2,72.0,22,1.56,6.204,0.0,6.204,20.0,20.0,1.5,1.0,36.856,0.0,0.0,3.0,600.0,600.0,1.0,1.0,1.0,28319.9344,0.0,28319.9344
W5_P2,72.0,23,1.4802,16.928,0.0,16.928,20.0,20.0,1.5,1.0,26.0522,0.0,0.0,3.0,600.0,600.0,1.0,1.0,1.0,16462.47328,0.0,16462.47328
W5_P2,63.0,0,1.3698,9.776,0.0,9.776,20.0,20.0,1.5,1.0,33.0938,0.0,0.0,3.0,600.0,600.0,1.0,1.0,1.0,17800.71712,0.0,17800.71712
W5_P2,63.0,1,1.0998,13.5,0.0,13.5,20.0,20.0,1.5,1.0,29.0998,0.0,0.0,3.0,600.0,600.0,1.0,1.0,1.0,16991.77152,0.0,16991.77152
W5_P2,63.0,2,0.7998,15.392,0.0,15.392,20.0,20.0,1.5,1.0,26.9078,0.0,0.0,3.0,600.0,600.0,1.0,1.0,1.0,16525.03072,0.0,16525.03072
W5_P2,63.0,3,0.99,13.312,0.0,13.312,20.0,20.0,1.5,1.0,29.178,0.0,0.0,3.0,600.0,600.0,1.0,1.0,1.0,16990.3472,0.0,16990.3472
W5_P2,63.0,4,1.1802,15.144,0.0,15.144,20.0,20.0,1.5,1.0,27.5362,0.0,0.0,3.0,600.0,600.0,1.0,1.0,1.0,16702.99488,0.0,16702.99488
W5_P2,63.0,5,1.6302,14.316,0.0,14.316,20.0,20.0,1.5,1.0,28.8142,0.0,0.0,3.0,600.0,600.0,1.0,1.0,1.0,17016.38208,0.0,17016.38208
W5_P2,63.0,6,2.5002,17.852,0.0,17.852,20.0,20.0,1.5,1.0,26.1482,0.0,0.0,3.0,600.0,600.0,1.0,1.0,1.0,16633.94368,0.0,16633.94368
W5_P2,63.0,7,3.3702,9.628,3.2,12.828,12.287229,12.287229,0.921542,0.614361,16.0382,0.0,0.0,1.843084,368.616867,368.616867,0.614361,0.614361,0.614361,14643.452993,0.0,14643.452993
W5_P2,63.0,8,4.0098,22.324,10.88,33.204,20.0,20.0,1.5,1.0,12.3058,0.0,0.0,3.0,600.0,600.0,1.0,1.0,1.0,17131.74292,0.0,17131.74292
W5_P2,63.0,9,4.2,20.928,17.92,38.848,20.0,20.0,1.5,1.0,6.852,0.0,0.0,3.0,600.0,600.0,1.0,1.0,1.0,14454.5048,0.0,14454.5048
W5_P2,63.0,10,4.1202,15.996,24.96,40.956,17.752193,17.752193,1.331414,0.88761,0.0,0.0,0.0,2.662829,532.565783,532.565783,0.88761,0.88761,0.88761,9835.311022,0.0,9835.311022
W5_P2,63.0,11,3.9,14.328,31.36,45.688,20.0,20.0,1.5,1.0,0.0,0.288,0.0,3.0,600.0,600.0,1.0,1.0,1.0,10915.4,108.8352,10806.5648
W5_P2,63.0,12,3.2598,12.74,35.84,48.58,20.0,20.0,1.5,1.0,0.0,3.8202,0.0,3.0,600.0,600.0,1.0,1.0,1.0,11214.8,1443.65358,9771.14642
W5_P2,63.0,13,2.6898,12.812,37.12,49.932,20.0,20.0,1.5,1.0,0.0,5.7422,0.0,3.0,600.0,600.0,1.0,1.0,1.0,11379.2,2169.97738,9209.22262
W5_P2,63.0,14,3.63,8.256,32.0,40.256,17.651084,17.651084,1.323831,0.882554,0.0,0.0,0.0,2.647663,529.53253,529.53253,0.882554,0.882554,0.882554,9493.818747,0.0,9493.818747
W5_P2,63.0,15,3.8202,8.556,25.6,34.156,20.0,20.0,1.5,1.0,11.1642,0.0,0.0,3.0,600.0,600.0,1.0,1.0,1.0,16139.53508,0.0,16139.53508
W5_P2,63.0,16,3.75,15.664,19.2,34.864,20.0,20.0,1.5,1.0,10.386,0.0,0.0,3.0,600.0,600.0,1.0,1.0,1.0,15965.0564,0.0,15965.0564
W5_P2,63.0,17,3.1398,8.372,9.6,17.972,20.0,20.0,1.5,1.0,26.6678,0.0,0.0,3.0,600.0,600.0,1.0,1.0,1.0,23608.82172,0.0,23608.82172
W5_P2,63.0,18,2.61,7.872,3.2,11.072,4.078072,4.078072,0.305855,0.203904,0.0,0.0,0.0,0.611711,122.342169,122.342169,0.203904,0.203904,0.203904,2584.929783,0.0,2584.929783
W5_P2,63.0,19,2.1198,11.176,0.0,11.176,4.364434,4.364434,0.327333,0.218222,0.0,0.0,0.0,0.654665,130.933012,130.933012,0.218222,0.218222,0.218222,2768.163099,0.0,2768.163099
W5_P2,63.0,20,1.86,9.884,0.0,9.884,3.866988,3.866988,0.290024,0.193349,0.0,0.0,0.0,0.580048,116.009639,116.009639,0.193349,0.193349,0.193349,2449.927036,0.0,2449.927036
W5_P2,63.0,21,1.6302,9.02,0.0,9.02,20.0,20.0,1.5,1.0,34.1102,0.0,0.0,3.0,600.0,600.0,1.0,1.0,1.0,27074.53548,0.0,27074.53548
W5_P2,63.0,22,1.56,6.204,0.0,6.204,20.0,20.0,1.5,1.0,36.856,0.0,0.0,3.0,600.0,600.0,1.0,1.0,1.0,28319.9344,0.0,28319.9344
W5_P2,63.0,23,1.4802,16.928,0.0,16.928,20.0,20.0,1.5,1.0,26.0522,0.0,0.0,3.0,600.0,600.0,1.0,1.0,1.0,16462.47328,0.0,16462.47328
W5_P2,54.0,0,1.3698,9.776,0.0,9.776,20.0,20.0,1.5,1.0,33.0938,0.0,0.0,3.0,600.0,600.0,1.0,1.0,1.0,17800.71712,0.0,17800.71712
W5_P2,54.0,1,1.0998,13.5,0.0,13.5,20.0,20.0,1.5,1.0,29.0998,0.0,0.0,3.0,600.0,600.0,1.0,1.0,1.0,16991.77152,0.0,16991.77152
W5_P2,54.0,2,0.7998,15.392,0.0,15.392,20.0,20.0,1.5,1.0,26.9078,0.0,0.0,3.0,600.0,600.0,1.0,1.0,1.0,16525.03072,0.0,16525.03072
W5_P2,54.0,3,0.99,13.312,0.0,13.312,20.0,20.0,1.5,1.0,29.178,0.0,0.0,3.0,600.0,600.0,1.0,1.0,1.0,16990.3472,0.0,16990.3472
W5_P2,54.0,4,1.1802,15.144,0.0,15.144,20.0,20.0,1.5,1.0,27.5362,0.0,0.0,3.0,600.0,600.0,1.0,1.0,1.0,16702.99488,0.0,16702.99488
W5_P2,54.0,5,1.6302,14.316,0.0,14.316,20.0,20.0,1.5,1.0,28.8142,0.0,0.0,3.0,600.0,600.0,1.0,1.0,1.0,17016.38208,0.0,17016.38208
W5_P2,54.0,6,2.5002,17.852,0.0,17.852,20.0,20.0,1.5,1.0,26.1482,0.0,0.0,3.0,600.0,600.0,1.0,1.0,1.0,16633.94368,0.0,16633.94368
W5_P2,54.0,7,3.3702,9.628,3.2,12.828,4.557976,4.557976,0.341848,0.227899,0.0,-0.0,0.0,0.683696,136.739277,136.739277,0.227899,0.227899,0.227899,2968.377672,-0.0,2968.377672
W5_P2,54.0,8,4.0098,22.324,10.88,33.204,14.069494,14.069494,1.055212,0.703475,0.0,-0.0,0.0,2.110424,422.084819,422.084819,0.703475,0.703475,0.703475,8173.683918,-0.0,8173.683918
W5_P2,54.0,9,4.2,20.928,17.92,38.848,16.697831,16.697831,1.252337,0.834892,0.0,0.0,0.0,2.504675,500.93494,500.93494,0.834892,0.834892,0.834892,9466.562506,0.0,9466.562506
W5_P2,54.0,10,4.1202,15.996,24.96,40.956,17.752193,17.752193,1.331414,0.88761,0.0,0.0,0.0,2.662829,532.565783,532.565783,0.88761,0.88761,0.88761,9835.311022,0.0,9835.311022
W5_P2,54.0,11,3.9,14.328,31.36,45.688,20.0,20.0,1.5,1.0,0.0,0.288,0.0,3.0,600.0,600.0,1.0,1.0,1.0,10915.4,108.8352,10806.5648
W5_P2,54.0,12,3.2598,12.74,35.84,48.58,20.0,20.0,1.5,1.0,0.0,3.8202,0.0,3.0,600.0,600.0,1.0,1.0,1.0,11214.8,1443.65358,9771.14642
W5_P2,54.0,13,2.6898,12.812,37.12,49.932,20.0,20.0,1.5,1.0,0.0,5.7422,0.0,3.0,600.0,600.0,1.0,1.0,1.0,11379.2,2169.97738,9209.22262
W5_P2,54.0,14,3.63,8.256,32.0,40.256,17.651084,17.651084,1.323831,0.882554,0.0,0.0,0.0,2.647663,529.53253,529.53253,0.882554,0.882554,0.882554,9493.818747,0.0,9493.818747
W5_P2,54.0,15,3.8202,8.556,25.6,34.156,14.619663,14.619663,1.096475,0.730983,0.0,0.0,0.0,2.192949,438.58988,438.58988,0.730983,0.730983,0.730983,8012.508612,0.0,8012.508612
W5_P2,54.0,16,3.75,15.664,19.2,34.864,14.994699,14.994699,1.124602,0.749735,0.0,0.0,0.0,2.249205,449.840964,449.840964,0.749735,0.749735,0.749735,8404.523904,0.0,8404.523904
W5_P2,54.0,17,3.1398,8.372,9.6,17.972,7.148048,7.148048,0.536104,0.357402,0.0,-0.0,0.0,1.072207,214.441446,214.441446,0.357402,0.357402,0.357402,4195.884255,-0.0,4195.884255
W5_P2,54.0,18,2.61,7.872,3.2,11.072,4.078072,4.078072,0.305855,0.203904,0.0,-0.0,0.0,0.611711,122.342169,122.342169,0.203904,0.203904,0.203904,2584.929783,-0.0,2584.929783
W5_P2,54.0,19,2.1198,11.176,0.0,11.176,4.364434,4.364434,0.327333,0.218222,0.0,-0.0,0.0,0.654665,130.933012,130.933012,0.218222,0.218222,0.218222,2768.163099,-0.0,2768.163099
W5_P2,54.0,20,1.86,9.884,0.0,9.884,3.866988,3.866988,0.290024,0.193349,0.0,-0.0,0.0,0.580048,116.009639,116.009639,0.193349,0.193349,0.193349,2449.927036,-0.0,2449.927036
W5_P2,54.0,21,1.6302,9.02,0.0,9.02,17.961446,17.961446,1.347108,0.898072,29.8802,0.0,0.0,2.694217,538.843373,538.843373,0.898072,0.898072,0.898072,23995.289143,0.0,23995.289143
W5_P2,54.0,22,1.56,6.204,0.0,6.204,2.238072,2.238072,0.167855,0.111904,0.0,-0.0,0.0,0.335711,67.142169,67.142169,0.111904,0.111904,0.111904,1490.453783,-0.0,1490.453783
W5_P2,54.0,23,1.4802,16.928,0.0,16.928,20.0,20.0,1.5,1.0,26.0522,0.0,0.0,3.0,600.0,600.0,1.0,1.0,1.0,16462.47328,0.0,16462.47328
W5_P2,45.0,0,1.3698,9.776,0.0,9.776,20.0,20.0,1.5,1.0,33.0938,-0.0,0.0,3.0,600.0,600.0,1.0,1.0,1.0,17800.71712,-0.0,17800.71712
W5_P2,45.0,1,1.0998,13.5,0.0,13.5,20.0,20.0,1.5,1.0,29.0998,-0.0,0.0,3.0,600.0,600.0,1.0,1.0,1.0,16991.77152,-0.0,16991.77152
W5_P2,45.0,2,0.7998,15.392,0.0,15.392,20.0,20.0,1.5,1.0,26.9078,0.0,0.0,3.0,600.0,600.0,1.0,1.0,1.0,16525.03072,0.0,16525.03072
W5_P2,45.0,3,0.99,13.312,0.0,13.312,20.0,20.0,1.5,1.0,29.178,-0.0,0.0,3.0,600.0,600.0,1.0,1.0,1.0,16990.3472,-0.0,16990.3472
W5_P2,45.0,4,1.1802,15.144,0.0,15.144,20.0,20.0,1.5,1.0,27.5362,0.0,0.0,3.0,600.0,600.0,1.0,1.0,1.0,16702.99488,0.0,16702.99488
W5_P2,45.0,5,1.6302,14.316,0.0,14.316,20.0,20.0,1.5,1.0,28.8142,0.0,0.0,3.0,600.0,600.0,1.0,1.0,1.0,17016.38208,0.0,17016.38208
W5_P2,45.0,6,2.5002,17.852,0.0,17.852,20.0,20.0,1.5,1.0,26.1482,-0.0,0.0,3.0,600.0,600.0,1.0,1.0,1.0,16633.94368,-0.0,16633.94368
W5_P2,45.0,7,3.3702,9.628,3.2,12.828,2.0,2.0,0.15,0.1,0.0,5.3078,0.0,0.3,60.0,60.0,0.1,0.1,0.1,2328.5,2005.81762,322.68238
W5_P2,45.0,8,4.0098,22.324,10.88,33.204,14.069494,14.069494,1.055212,0.703475,0.0,0.0,0.0,2.110424,422.084819,422.084819,0.703475,0.703475,0.703475,8173.683918,0.0,8173.683918
W5_P2,45.0,9,4.2,20.928,17.92,38.848,2.0,2.0,0.15,0.1,0.0,30.498,0.0,0.3,60.0,60.0,0.1,0.1,0.1,5789.9,11525.1942,-5735.2942
W5_P2,45.0,10,4.1202,15.996,24.96,40.956,17.752193,17.752193,1.331414,0.88761,0.0,0.0,0.0,2.662829,532.565783,532.565783,0.88761,0.88761,0.88761,9835.311022,0.0,9835.311022
W5_P2,45.0,11,3.9,14.328,31.36,45.688,20.0,20.0,1.5,1.0,0.0,0.288,0.0,3.0,600.0,600.0,1.0,1.0,1.0,10915.4,108.8352,10806.5648
W5_P2,45.0,12,3.2598,12.74,35.84,48.58,20.0,20.0,1.5,1.0,0.0,3.8202,0.0,3.0,600.0,600.0,1.0,1.0,1.0,11214.8,1443.65358,9771.14642
W5_P2,45.0,13,2.6898,12.812,37.12,49.932,14.81947,14.81947,1.11146,0.740973,0.0,16.4918,0.0,2.22292,444.584096,444.584096,0.740973,0.740973,0.740973,10083.29039,6232.25122,3851.03917
W5_P2,45.0,14,3.63,8.256,32.0,40.256,2.0,2.0,0.15,0.1,0.0,32.476,0.0,0.3,60.0,60.0,0.1,0.1,0.1,5578.7,12272.6804,-6693.9804
W5_P2,45.0,15,3.8202,8.556,25.6,34.156,14.619663,14.619663,1.096475,0.730983,0.0,0.0,0.0,2.192949,438.58988,438.58988,0.730983,0.730983,0.730983,8012.508612,0.0,8012.508612
W5_P2,45.0,16,3.75,15.664,19.2,34.864,14.994699,14.994699,1.124602,0.749735,0.0,0.0,0.0,2.249205,449.840964,449.840964,0.749735,0.749735,0.749735,8404.523904,0.0,8404.523904
W5_P2,45.0,17,3.1398,8.372,9.6,17.972,2.0,2.0,0.15,0.1,0.0,10.6822,0.0,0.3,60.0,60.0,0.1,0.1,0.1,2908.1,4036.80338,-1128.70338
W5_P2,45.0,18,2.61,7.872,3.2,11.072,4.078072,4.078072,0.305855,0.203904,0.0,0.0,0.0,0.611711,122.342169,122.342169,0.203904,0.203904,0.203904,2584.929783,0.0,2584.929783
W5_P2,45.0,19,2.1198,11.176,0.0,11.176,2.0,2.0,0.15,0.1,0.0,4.9062,0.0,0.3,60.0,60.0,0.1,0.1,0.1,2176.7,1854.05298,322.64702
W5_P2,45.0,20,1.86,9.884,0.0,9.884,3.866988,3.866988,0.290024,0.193349,0.0,0.0,0.0,0.580048,116.009639,116.009639,0.193349,0.193349,0.193349,2449.927036,0.0,2449.927036
W5_P2,45.0,21,1.6302,9.02,0.0,9.02,3.561349,3.561349,0.267101,0.178067,0.0,0.0,0.0,0.534202,106.840482,106.840482,0.178067,0.178067,0.178067,2243.871552,0.0,2243.871552
W5_P2,45.0,22,1.56,6.204,0.0,6.204,2.238072,2.238072,0.167855,0.111904,0.0,0.0,0.0,0.335711,67.142169,67.142169,0.111904,0.111904,0.111904,1490.453783,0.0,1490.453783
W5_P2,45.0,23,1.4802,16.928,0.0,16.928,20.0,20.0,1.5,1.0,26.0522,0.0,0.0,3.0,600.0,600.0,1.0,1.0,1.0,16462.47328,0.0,16462.47328
W5_P2,36.0,0,1.3698,9.776,0.0,9.776,20.0,20.0,1.5,1.0,33.0938,-0.0,0.0,3.0,600.0,600.0,1.0,1.0,1.0,17800.71712,-0.0,17800.71712
W5_P2,36.0,1,1.0998,13.5,0.0,13.5,20.0,20.0,1.5,1.0,29.0998,-0.0,0.0,3.0,600.0,600.0,1.0,1.0,1.0,16991.77152,-0.0,16991.77152
W5_P2,36.0,2,0.7998,15.392,0.0,15.392,20.0,20.0,1.5,1.0,26.9078,0.0,0.0,3.0,600.0,600.0,1.0,1.0,1.0,16525.03072,0.0,16525.03072
W5_P2,36.0,3,0.99,13.312,0.0,13.312,20.0,20.0,1.5,1.0,29.178,-0.0,0.0,3.0,600.0,600.0,1.0,1.0,1.0,16990.3472,-0.0,16990.3472
W5_P2,36.0,4,1.1802,15.144,0.0,15.144,20.0,20.0,1.5,1.0,27.5362,0.0,0.0,3.0,600.0,600.0,1.0,1.0,1.0,16702.99488,0.0,16702.99488
W5_P2,36.0,5,1.6302,14.316,0.0,14.316,20.0,20.0,1.5,1.0,28.8142,-0.0,0.0,3.0,600.0,600.0,1.0,1.0,1.0,17016.38208,-0.0,17016.38208
W5_P2,36.0,6,2.5002,17.852,0.0,17.852,20.0,20.0,1.5,1.0,26.1482,-0.0,0.0,3.0,600.0,600.0,1.0,1.0,1.0,16633.94368,-0.0,16633.94368
W5_P2,36.0,7,3.3702,9.628,3.2,12.828,2.0,2.0,0.15,0.1,0.0,5.3078,0.0,0.3,60.0,60.0,0.1,0.1,0.1,2328.5,2005.81762,322.68238
W5_P2,36.0,8,4.0098,22.324,10.88,33.204,14.069494,14.069494,1.055212,0.703475,0.0,0.0,0.0,2.110424,422.084819,422.084819,0.703475,0.703475,0.703475,8173.683918,0.0,8173.683918
W5_P2,36.0,9,4.2,20.928,17.92,38.848,2.0,2.0,0.15,0.1,0.0,30.498,0.0,0.3,60.0,60.0,0.1,0.1,0.1,5789.9,11525.1942,-5735.2942
W5_P2,36.0,10,4.1202,15.996,24.96,40.956,6.571663,6.571663,0.492875,0.328583,0.0,23.1996,0.0,0.985749,197.14988,197.14988,0.328583,0.328583,0.328583,7038.501412,8767.12884,-1728.627428
W5_P2,36.0,11,3.9,14.328,31.36,45.688,2.0,2.0,0.15,0.1,0.0,37.638,0.0,0.3,60.0,60.0,0.1,0.1,0.1,6412.7,14223.4002,-7810.7002
W5_P2,36.0,12,3.2598,12.74,35.84,48.58,2.0,2.0,0.15,0.1,0.0,41.1702,0.0,0.3,60.0,60.0,0.1,0.1,0.1,6712.1,15558.21858,-8846.11858
W5_P2,36.0,13,2.6898,12.812,37.12,49.932,2.0,2.0,0.15,0.1,0.0,43.0922,0.0,0.3,60.0,60.0,0.1,0.1,0.1,6876.5,16284.54238,-9408.04238
W5_P2,36.0,14,3.63,8.256,32.0,40.256,2.0,2.0,0.15,0.1,0.0,32.476,0.0,0.3,60.0,60.0,0.1,0.1,0.1,5578.7,12272.6804,-6693.9804
W5_P2,36.0,15,3.8202,8.556,25.6,34.156,14.619663,14.619663,1.096475,0.730983,0.0,0.0,0.0,2.192949,438.58988,438.58988,0.730983,0.730983,0.730983,8012.508612,0.0,8012.508612
W5_P2,36.0,16,3.75,15.664,19.2,34.864,14.994699,14.994699,1.124602,0.749735,0.0,0.0,0.0,2.249205,449.840964,449.840964,0.749735,0.749735,0.749735,8404.523904,0.0,8404.523904
W5_P2,36.0,17,3.1398,8.372,9.6,17.972,2.0,2.0,0.15,0.1,0.0,10.6822,0.0,0.3,60.0,60.0,0.1,0.1,0.1,2908.1,4036.80338,-1128.70338
W5_P2,36.0,18,2.61,7.872,3.2,11.072,4.078072,4.078072,0.305855,0.203904,0.0,0.0,0.0,0.611711,122.342169,122.342169,0.203904,0.203904,0.203904,2584.929783,0.0,2584.929783
W5_P2,36.0,19,2.1198,11.176,0.0,11.176,2.0,2.0,0.15,0.1,0.0,4.9062,0.0,0.3,60.0,60.0,0.1,0.1,0.1,2176.7,1854.05298,322.64702
W5_P2,36.0,20,1.86,9.884,0.0,9.884,3.866988,3.866988,0.290024,0.193349,0.0,0.0,0.0,0.580048,116.009639,116.009639,0.193349,0.193349,0.193349,2449.927036,0.0,2449.927036
W5_P2,36.0,21,1.6302,9.02,0.0,9.02,3.561349,3.561349,0.267101,0.178067,0.0,0.0,0.0,0.534202,106.840482,106.840482,0.178067,0.178067,0.178067,2243.871552,0.0,2243.871552
W5_P2,36.0,22,1.56,6.204,0.0,6.204,2.238072,2.238072,0.167855,0.111904,0.0,0.0,0.0,0.335711,67.142169,67.142169,0.111904,0.111904,0.111904,1490.453783,0.0,1490.453783
W5_P2,36.0,23,1.4802,16.928,0.0,16.928,20.0,20.0,1.5,1.0,26.0522,0.0,0.0,3.0,600.0,600.0,1.0,1.0,1.0,16462.47328,0.0,16462.47328
W5_P3,72.0,0,1.3698,9.776,0.0,9.776,20.0,20.0,1.5,1.0,33.0938,0.0,0.0,3.0,600.0,600.0,1.0,1.0,1.0,17800.71712,0.0,17800.71712
W5_P3,72.0,1,1.0998,13.5,0.0,13.5,20.0,20.0,1.5,1.0,29.0998,0.0,0.0,3.0,600.0,600.0,1.0,1.0,1.0,16991.77152,0.0,16991.77152
W5_P3,72.0,2,0.7998,15.392,0.0,15.392,20.0,20.0,1.5,1.0,26.9078,0.0,0.0,3.0,600.0,600.0,1.0,1.0,1.0,16525.03072,0.0,16525.03072
W5_P3,72.0,3,0.99,13.312,0.0,13.312,20.0,20.0,1.5,1.0,29.178,0.0,0.0,3.0,600.0,600.0,1.0,1.0,1.0,16990.3472,0.0,16990.3472
W5_P3,72.0,4,1.1802,15.144,0.0,15.144,20.0,20.0,1.5,1.0,27.5362,0.0,0.0,3.0,600.0,600.0,1.0,1.0,1.0,16702.99488,0.0,16702.99488
W5_P3,72.0,5,1.6302,14.316,0.0,14.316,20.0,20.0,1.5,1.0,28.8142,0.0,0.0,3.0,600.0,600.0,1.0,1.0,1.0,17016.38208,0.0,17016.38208
W5_P3,72.0,6,2.5002,17.852,0.0,17.852,20.0,20.0,1.5,1.0,26.1482,0.0,0.0,3.0,600.0,600.0,1.0,1.0,1.0,16633.94368,0.0,16633.94368
W5_P3,72.0,7,3.3702,9.628,1.28,10.908,20.0,20.0,1.5,1.0,33.9622,0.0,0.0,3.0,600.0,600.0,1.0,1.0,1.0,27229.44028,0.0,27229.44028
W5_P3,72.0,8,4.0098,22.324,3.2,25.524,20.0,20.0,1.5,1.0,19.9858,0.0,0.0,3.0,600.0,600.0,1.0,1.0,1.0,20874.97492,0.0,20874.97492
W5_P3,72.0,9,4.2,20.928,5.12,26.048,20.0,20.0,1.5,1.0,19.652,0.0,0.0,3.0,600.0,600.0,1.0,1.0,1.0,20693.2248,0.0,20693.2248
W5_P3,72.0,10,4.1202,15.996,7.68,23.676,20.0,20.0,1.5,1.0,21.9442,0.0,0.0,3.0,600.0,600.0,1.0,1.0,1.0,25932.02608,0.0,25932.02608
W5_P3,72.0,11,3.9,14.328,11.52,25.848,20.0,20.0,1.5,1.0,19.552,0.0,0.0,3.0,600.0,600.0,1.0,1.0,1.0,24223.1248,0.0,24223.1248
W5_P3,72.0,12,3.2598,12.74,14.08,26.82,20.0,20.0,1.5,1.0,17.9398,0.0,0.0,3.0,600.0,600.0,1.0,1.0,1.0,22998.49552,0.0,22998.49552
W5_P3,72.0,13,2.6898,12.812,14.08,26.892,20.0,20.0,1.5,1.0,17.2978,0.0,0.0,3.0,600.0,600.0,1.0,1.0,1.0,22494.15472,0.0,22494.15472
W5_P3,72.0,14,3.63,8.256,11.52,19.776,20.0,20.0,1.5,1.0,25.354,0.0,0.0,3.0,600.0,600.0,1.0,1.0,1.0,27967.8496,0.0,27967.8496
W5_P3,72.0,15,3.8202,8.556,7.04,15.596,20.0,20.0,1.5,1.0,29.7242,0.0,0.0,3.0,600.0,600.0,1.0,1.0,1.0,25185.67908,0.0,25185.67908
W5_P3,72.0,16,3.75,15.664,5.12,20.784,20.0,20.0,1.5,1.0,24.466,0.0,0.0,3.0,600.0,600.0,1.0,1.0,1.0,22827.6484,0.0,22827.6484
W5_P3,72.0,17,3.1398,8.372,3.2,11.572,20.0,20.0,1.5,1.0,33.0678,0.0,0.0,3.0,600.0,600.0,1.0,1.0,1.0,26728.18172,0.0,26728.18172
W5_P3,72.0,18,2.61,7.872,1.28,9.152,20.0,20.0,1.5,1.0,34.958,0.0,0.0,3.0,600.0,600.0,1.0,1.0,1.0,34387.6992,0.0,34387.6992
W5_P3,72.0,19,2.1198,11.176,0.0,11.176,20.0,20.0,1.5,1.0,32.4438,0.0,0.0,3.0,600.0,600.0,1.0,1.0,1.0,32712.30512,0.0,32712.30512
W5_P3,72.0,20,1.86,9.884,0.0,9.884,20.0,20.0,1.5,1.0,33.476,0.0,0.0,3.0,600.0,600.0,1.0,1.0,1.0,33346.7424,0.0,33346.7424
W5_P3,72.0,21,1.6302,9.02,0.0,9.02,20.0,20.0,1.5,1.0,34.1102,0.0,0.0,3.0,600.0,600.0,1.0,1.0,1.0,27074.53548,0.0,27074.53548
W5_P3,72.0,22,1.56,6.204,0.0,6.204,20.0,20.0,1.5,1.0,36.856,0.0,0.0,3.0,600.0,600.0,1.0,1.0,1.0,28319.9344,0.0,28319.9344
W5_P3,72.0,23,1.4802,16.928,0.0,16.928,20.0,20.0,1.5,1.0,26.0522,0.0,0.0,3.0,600.0,600.0,1.0,1.0,1.0,16462.47328,0.0,16462.47328
W5_P3,63.0,0,1.3698,9.776,0.0,9.776,20.0,20.0,1.5,1.0,33.0938,0.0,0.0,3.0,600.0,600.0,1.0,1.0,1.0,17800.71712,0.0,17800.71712
W5_P3,63.0,1,1.0998,13.5,0.0,13.5,20.0,20.0,1.5,1.0,29.0998,0.0,0.0,3.0,600.0,600.0,1.0,1.0,1.0,16991.77152,0.0,16991.77152
W5_P3,63.0,2,0.7998,15.392,0.0,15.392,20.0,20.0,1.5,1.0,26.9078,0.0,0.0,3.0,600.0,600.0,1.0,1.0,1.0,16525.03072,0.0,16525.03072
W5_P3,63.0,3,0.99,13.312,0.0,13.312,20.0,20.0,1.5,1.0,29.178,0.0,0.0,3.0,600.0,600.0,1.0,1.0,1.0,16990.3472,0.0,16990.3472
W5_P3,63.0,4,1.1802,15.144,0.0,15.144,20.0,20.0,1.5,1.0,27.5362,0.0,0.0,3.0,600.0,600.0,1.0,1.0,1.0,16702.99488,0.0,16702.99488
W5_P3,63.0,5,1.6302,14.316,0.0,14.316,20.0,20.0,1.5,1.0,28.8142,0.0,0.0,3.0,600.0,600.0,1.0,1.0,1.0,17016.38208,0.0,17016.38208
W5_P3,63.0,6,2.5002,17.852,0.0,17.852,20.0,20.0,1.5,1.0,26.1482,0.0,0.0,3.0,600.0,600.0,1.0,1.0,1.0,16633.94368,0.0,16633.94368
W5_P3,63.0,7,3.3702,9.628,1.28,10.908,20.0,20.0,1.5,1.0,33.9622,0.0,0.0,3.0,600.0,600.0,1.0,1.0,1.0,27229.44028,0.0,27229.44028
W5_P3,63.0,8,4.0098,22.324,3.2,25.524,20.0,20.0,1.5,1.0,19.9858,0.0,0.0,3.0,600.0,600.0,1.0,1.0,1.0,20874.97492,0.0,20874.97492
W5_P3,63.0,9,4.2,20.928,5.12,26.048,20.0,20.0,1.5,1.0,19.652,0.0,0.0,3.0,600.0,600.0,1.0,1.0,1.0,20693.2248,0.0,20693.2248
W5_P3,63.0,10,4.1202,15.996,7.68,23.676,16.952096,16.952096,1.271407,0.847605,15.6198,0.0,0.0,2.542814,508.562892,508.562892,0.847605,0.847605,0.847605,20094.894431,0.0,20094.894431
W5_P3,63.0,11,3.9,14.328,11.52,25.848,20.0,20.0,1.5,1.0,19.552,0.0,0.0,3.0,600.0,600.0,1.0,1.0,1.0,24223.1248,0.0,24223.1248
W5_P3,63.0,12,3.2598,12.74,14.08,26.82,20.0,20.0,1.5,1.0,17.9398,0.0,0.0,3.0,600.0,600.0,1.0,1.0,1.0,22998.49552,0.0,22998.49552
W5_P3,63.0,13,2.6898,12.812,14.08,26.892,11.663711,11.663711,0.874778,0.583186,0.0,-0.0,0.0,1.749557,349.911325,349.911325,0.583186,0.583186,0.583186,6529.077267,-0.0,6529.077267
W5_P3,63.0,14,3.63,8.256,11.52,19.776,20.0,20.0,1.5,1.0,25.354,0.0,0.0,3.0,600.0,600.0,1.0,1.0,1.0,27967.8496,0.0,27967.8496
W5_P3,63.0,15,3.8202,8.556,7.04,15.596,20.0,20.0,1.5,1.0,29.7242,0.0,0.0,3.0,600.0,600.0,1.0,1.0,1.0,25185.67908,0.0,25185.67908
W5_P3,63.0,16,3.75,15.664,5.12,20.784,20.0,20.0,1.5,1.0,24.466,0.0,0.0,3.0,600.0,600.0,1.0,1.0,1.0,22827.6484,0.0,22827.6484
W5_P3,63.0,17,3.1398,8.372,3.2,11.572,20.0,20.0,1.5,1.0,33.0678,0.0,0.0,3.0,600.0,600.0,1.0,1.0,1.0,26728.18172,0.0,26728.18172
W5_P3,63.0,18,2.61,7.872,1.28,9.152,3.152771,3.152771,0.236458,0.157639,0.0,-0.0,0.0,0.472916,94.583133,94.583133,0.157639,0.157639,0.157639,2123.065687,-0.0,2123.065687
W5_P3,63.0,19,2.1198,11.176,0.0,11.176,4.364434,4.364434,0.327333,0.218222,0.0,-0.0,0.0,0.654665,130.933012,130.933012,0.218222,0.218222,0.218222,2768.163099,-0.0,2768.163099
W5_P3,63.0,20,1.86,9.884,0.0,9.884,3.866988,3.866988,0.290024,0.193349,0.0,-0.0,0.0,0.580048,116.009639,116.009639,0.193349,0.193349,0.193349,2449.927036,-0.0,2449.927036
W5_P3,63.0,21,1.6302,9.02,0.0,9.02,20.0,20.0,1.5,1.0,34.1102,0.0,0.0,3.0,600.0,600.0,1.0,1.0,1.0,27074.53548,0.0,27074.53548
W5_P3,63.0,22,1.56,6.204,0.0,6.204,20.0,20.0,1.5,1.0,36.856,0.0,0.0,3.0,600.0,600.0,1.0,1.0,1.0,28319.9344,0.0,28319.9344
W5_P3,63.0,23,1.4802,16.928,0.0,16.928,20.0,20.0,1.5,1.0,26.0522,0.0,0.0,3.0,600.0,600.0,1.0,1.0,1.0,16462.47328,0.0,16462.47328
W5_P3,54.0,0,1.3698,9.776,0.0,9.776,20.0,20.0,1.5,1.0,33.0938,0.0,0.0,3.0,600.0,600.0,1.0,1.0,1.0,17800.71712,0.0,17800.71712
W5_P3,54.0,1,1.0998,13.5,0.0,13.5,20.0,20.0,1.5,1.0,29.0998,0.0,0.0,3.0,600.0,600.0,1.0,1.0,1.0,16991.77152,0.0,16991.77152
W5_P3,54.0,2,0.7998,15.392,0.0,15.392,20.0,20.0,1.5,1.0,26.9078,0.0,0.0,3.0,600.0,600.0,1.0,1.0,1.0,16525.03072,0.0,16525.03072
W5_P3,54.0,3,0.99,13.312,0.0,13.312,20.0,20.0,1.5,1.0,29.178,0.0,0.0,3.0,600.0,600.0,1.0,1.0,1.0,16990.3472,0.0,16990.3472
W5_P3,54.0,4,1.1802,15.144,0.0,15.144,20.0,20.0,1.5,1.0,27.5362,0.0,0.0,3.0,600.0,600.0,1.0,1.0,1.0,16702.99488,0.0,16702.99488
W5_P3,54.0,5,1.6302,14.316,0.0,14.316,20.0,20.0,1.5,1.0,28.8142,0.0,0.0,3.0,600.0,600.0,1.0,1.0,1.0,17016.38208,0.0,17016.38208
W5_P3,54.0,6,2.5002,17.852,0.0,17.852,20.0,20.0,1.5,1.0,26.1482,0.0,0.0,3.0,600.0,600.0,1.0,1.0,1.0,16633.94368,0.0,16633.94368
W5_P3,54.0,7,3.3702,9.628,1.28,10.908,13.751036,13.751036,1.031328,0.687552,20.9956,0.0,0.0,2.062655,412.531084,412.531084,0.687552,0.687552,0.687552,17790.349132,0.0,17790.349132
W5_P3,54.0,8,4.0098,22.324,3.2,25.524,20.0,20.0,1.5,1.0,19.9858,0.0,0.0,3.0,600.0,600.0,1.0,1.0,1.0,20874.97492,0.0,20874.97492
W5_P3,54.0,9,4.2,20.928,5.12,26.048,20.0,20.0,1.5,1.0,19.652,0.0,0.0,3.0,600.0,600.0,1.0,1.0,1.0,20693.2248,0.0,20693.2248
W5_P3,54.0,10,4.1202,15.996,7.68,23.676,9.424482,9.424482,0.706836,0.471224,0.0,0.0,0.0,1.413672,282.734458,282.734458,0.471224,0.471224,0.471224,5678.534154,0.0,5678.534154
W5_P3,54.0,11,3.9,14.328,11.52,25.848,10.577349,10.577349,0.793301,0.528867,0.0,0.0,0.0,1.586602,317.320482,317.320482,0.528867,0.528867,0.528867,6177.523952,0.0,6177.523952
W5_P3,54.0,12,3.2598,12.74,14.08,26.82,11.354313,11.354313,0.851573,0.567716,0.0,0.0,0.0,1.703147,340.629398,340.629398,0.567716,0.567716,0.567716,6440.88146,0.0,6440.88146
W5_P3,54.0,13,2.6898,12.812,14.08,26.892,11.663711,11.663711,0.874778,0.583186,0.0,0.0,0.0,1.749557,349.911325,349.911325,0.583186,0.583186,0.583186,6529.077267,0.0,6529.077267
W5_P3,54.0,14,3.63,8.256,11.52,19.776,7.781205,7.781205,0.58359,0.38906,0.0,0.0,0.0,1.167181,233.436145,233.436145,0.38906,0.38906,0.38906,4567.268386,0.0,4567.268386
W5_P3,54.0,15,3.8202,8.556,7.04,15.596,20.0,20.0,1.5,1.0,29.7242,0.0,0.0,3.0,600.0,600.0,1.0,1.0,1.0,25185.67908,0.0,25185.67908
W5_P3,54.0,16,3.75,15.664,5.12,20.784,20.0,20.0,1.5,1.0,24.466,0.0,0.0,3.0,600.0,600.0,1.0,1.0,1.0,22827.6484,0.0,22827.6484
W5_P3,54.0,17,3.1398,8.372,3.2,11.572,4.063711,4.063711,0.304778,0.203186,0.0,0.0,0.0,0.609557,121.911325,121.911325,0.203186,0.203186,0.203186,2656.337267,0.0,2656.337267
W5_P3,54.0,18,2.61,7.872,1.28,9.152,3.152771,3.152771,0.236458,0.157639,0.0,0.0,0.0,0.472916,94.583133,94.583133,0.157639,0.157639,0.157639,2123.065687,0.0,2123.065687
W5_P3,54.0,19,2.1198,11.176,0.0,11.176,4.364434,4.364434,0.327333,0.218222,0.0,0.0,0.0,0.654665,130.933012,130.933012,0.218222,0.218222,0.218222,2768.163099,0.0,2768.163099
W5_P3,54.0,20,1.86,9.884,0.0,9.884,3.866988,3.866988,0.290024,0.193349,0.0,0.0,0.0,0.580048,116.009639,116.009639,0.193349,0.193349,0.193349,2449.927036,0.0,2449.927036
W5_P3,54.0,21,1.6302,9.02,0.0,9.02,20.0,20.0,1.5,1.0,34.1102,0.0,0.0,3.0,600.0,600.0,1.0,1.0,1.0,27074.53548,0.0,27074.53548
W5_P3,54.0,22,1.56,6.204,0.0,6.204,20.0,20.0,1.5,1.0,36.856,0.0,0.0,3.0,600.0,600.0,1.0,1.0,1.0,28319.9344,0.0,28319.9344
W5_P3,54.0,23,1.4802,16.928,0.0,16.928,20.0,20.0,1.5,1.0,26.0522,0.0,0.0,3.0,600.0,600.0,1.0,1.0,1.0,16462.47328,0.0,16462.47328
W5_P3,45.0,0,1.3698,9.776,0.0,9.776,20.0,20.0,1.5,1.0,33.0938,0.0,0.0,3.0,600.0,600.0,1.0,1.0,1.0,17800.71712,0.0,17800.71712
W5_P3,45.0,1,1.0998,13.5,0.0,13.5,20.0,20.0,1.5,1.0,29.0998,0.0,0.0,3.0,600.0,600.0,1.0,1.0,1.0,16991.77152,0.0,16991.77152
W5_P3,45.0,2,0.7998,15.392,0.0,15.392,20.0,20.0,1.5,1.0,26.9078,0.0,0.0,3.0,600.0,600.0,1.0,1.0,1.0,16525.03072,0.0,16525.03072
W5_P3,45.0,3,0.99,13.312,0.0,13.312,20.0,20.0,1.5,1.0,29.178,0.0,0.0,3.0,600.0,600.0,1.0,1.0,1.0,16990.3472,0.0,16990.3472
W5_P3,45.0,4,1.1802,15.144,0.0,15.144,20.0,20.0,1.5,1.0,27.5362,0.0,0.0,3.0,600.0,600.0,1.0,1.0,1.0,16702.99488,0.0,16702.99488
W5_P3,45.0,5,1.6302,14.316,0.0,14.316,20.0,20.0,1.5,1.0,28.8142,0.0,0.0,3.0,600.0,600.0,1.0,1.0,1.0,17016.38208,0.0,17016.38208
W5_P3,45.0,6,2.5002,17.852,0.0,17.852,20.0,20.0,1.5,1.0,26.1482,0.0,0.0,3.0,600.0,600.0,1.0,1.0,1.0,16633.94368,0.0,16633.94368
W5_P3,45.0,7,3.3702,9.628,1.28,10.908,3.632675,3.632675,0.272451,0.181634,0.0,-0.0,0.0,0.544901,108.980241,108.980241,0.181634,0.181634,0.181634,2506.513576,-0.0,2506.513576
W5_P3,45.0,8,4.0098,22.324,3.2,25.524,12.672771,12.672771,0.950458,0.633639,4.7818,0.0,0.0,1.900916,380.183133,380.183133,0.633639,0.633639,0.633639,9807.159007,0.0,9807.159007
W5_P3,45.0,9,4.2,20.928,5.12,26.048,20.0,20.0,1.5,1.0,19.652,0.0,0.0,3.0,600.0,600.0,1.0,1.0,1.0,20693.2248,0.0,20693.2248
W5_P3,45.0,10,4.1202,15.996,7.68,23.676,9.424482,9.424482,0.706836,0.471224,0.0,-0.0,0.0,1.413672,282.734458,282.734458,0.471224,0.471224,0.471224,5678.534154,-0.0,5678.534154
W5_P3,45.0,11,3.9,14.328,11.52,25.848,10.577349,10.577349,0.793301,0.528867,0.0,-0.0,0.0,1.586602,317.320482,317.320482,0.528867,0.528867,0.528867,6177.523952,-0.0,6177.523952
W5_P3,45.0,12,3.2598,12.74,14.08,26.82,11.354313,11.354313,0.851573,0.567716,0.0,-0.0,0.0,1.703147,340.629398,340.629398,0.567716,0.567716,0.567716,6440.88146,-0.0,6440.88146
W5_P3,45.0,13,2.6898,12.812,14.08,26.892,11.663711,11.663711,0.874778,0.583186,0.0,-0.0,0.0,1.749557,349.911325,349.911325,0.583186,0.583186,0.583186,6529.077267,-0.0,6529.077267
W5_P3,45.0,14,3.63,8.256,11.52,19.776,7.781205,7.781205,0.58359,0.38906,0.0,-0.0,0.0,1.167181,233.436145,233.436145,0.38906,0.38906,0.38906,4567.268386,-0.0,4567.268386
W5_P3,45.0,15,3.8202,8.556,7.04,15.596,5.675084,5.675084,0.425631,0.283754,0.0,-0.0,0.0,0.851263,170.25253,170.25253,0.283754,0.283754,0.283754,3547.822347,-0.0,3547.822347
W5_P3,45.0,16,3.75,15.664,5.12,20.784,8.209157,8.209157,0.615687,0.410458,0.0,-0.0,0.0,1.231373,246.274699,246.274699,0.410458,0.410458,0.410458,5017.52053,-0.0,5017.52053
W5_P3,45.0,17,3.1398,8.372,3.2,11.572,4.063711,4.063711,0.304778,0.203186,0.0,-0.0,0.0,0.609557,121.911325,121.911325,0.203186,0.203186,0.203186,2656.337267,-0.0,2656.337267
W5_P3,45.0,18,2.61,7.872,1.28,9.152,3.152771,3.152771,0.236458,0.157639,0.0,-0.0,0.0,0.472916,94.583133,94.583133,0.157639,0.157639,0.157639,2123.065687,-0.0,2123.065687
W5_P3,45.0,19,2.1198,11.176,0.0,11.176,4.364434,4.364434,0.327333,0.218222,0.0,-0.0,0.0,0.654665,130.933012,130.933012,0.218222,0.218222,0.218222,2768.163099,-0.0,2768.163099
W5_P3,45.0,20,1.86,9.884,0.0,9.884,3.866988,3.866988,0.290024,0.193349,0.0,-0.0,0.0,0.580048,116.009639,116.009639,0.193349,0.193349,0.193349,2449.927036,-0.0,2449.927036
W5_P3,45.0,21,1.6302,9.02,0.0,9.02,3.561349,3.561349,0.267101,0.178067,0.0,-0.0,0.0,0.534202,106.840482,106.840482,0.178067,0.178067,0.178067,2243.871552,-0.0,2243.871552
W5_P3,45.0,22,1.56,6.204,0.0,6.204,20.0,20.0,1.5,1.0,36.856,0.0,0.0,3.0,600.0,600.0,1.0,1.0,1.0,28319.9344,0.0,28319.9344
W5_P3,45.0,23,1.4802,16.928,0.0,16.928,20.0,20.0,1.5,1.0,26.0522,0.0,0.0,3.0,600.0,600.0,1.0,1.0,1.0,16462.47328,0.0,16462.47328
W5_P3,36.0,0,1.3698,9.776,0.0,9.776,20.0,20.0,1.5,1.0,33.0938,-0.0,0.0,3.0,600.0,600.0,1.0,1.0,1.0,17800.71712,-0.0,17800.71712
W5_P3,36.0,1,1.0998,13.5,0.0,13.5,20.0,20.0,1.5,1.0,29.0998,0.0,0.0,3.0,600.0,600.0,1.0,1.0,1.0,16991.77152,0.0,16991.77152
W5_P3,36.0,2,0.7998,15.392,0.0,15.392,20.0,20.0,1.5,1.0,26.9078,0.0,0.0,3.0,600.0,600.0,1.0,1.0,1.0,16525.03072,0.0,16525.03072
W5_P3,36.0,3,0.99,13.312,0.0,13.312,20.0,20.0,1.5,1.0,29.178,0.0,0.0,3.0,600.0,600.0,1.0,1.0,1.0,16990.3472,0.0,16990.3472
W5_P3,36.0,4,1.1802,15.144,0.0,15.144,20.0,20.0,1.5,1.0,27.5362,-0.0,0.0,3.0,600.0,600.0,1.0,1.0,1.0,16702.99488,-0.0,16702.99488
W5_P3,36.0,5,1.6302,14.316,0.0,14.316,20.0,20.0,1.5,1.0,28.8142,0.0,0.0,3.0,600.0,600.0,1.0,1.0,1.0,17016.38208,0.0,17016.38208
W5_P3,36.0,6,2.5002,17.852,0.0,17.852,20.0,20.0,1.5,1.0,26.1482,0.0,0.0,3.0,600.0,600.0,1.0,1.0,1.0,16633.94368,0.0,16633.94368
W5_P3,36.0,7,3.3702,9.628,1.28,10.908,3.632675,3.632675,0.272451,0.181634,0.0,0.0,0.0,0.544901,108.980241,108.980241,0.181634,0.181634,0.181634,2506.513576,0.0,2506.513576
W5_P3,36.0,8,4.0098,22.324,3.2,25.524,10.368289,10.368289,0.777622,0.518414,0.0,0.0,0.0,1.555243,311.048675,311.048675,0.518414,0.518414,0.518414,6326.227533,0.0,6326.227533
W5_P3,36.0,9,4.2,20.928,5.12,26.048,10.529157,10.529157,0.789687,0.526458,0.0,0.0,0.0,1.579373,315.874699,315.874699,0.526458,0.526458,0.526458,6387.46853,0.0,6387.46853
W5_P3,36.0,10,4.1202,15.996,7.68,23.676,2.0,2.0,0.15,0.1,0.0,15.4058,0.0,0.3,60.0,60.0,0.1,0.1,0.1,3821.3,5821.85182,-2000.55182
W5_P3,36.0,11,3.9,14.328,11.52,25.848,10.577349,10.577349,0.793301,0.528867,0.0,0.0,0.0,1.586602,317.320482,317.320482,0.528867,0.528867,0.528867,6177.523952,0.0,6177.523952
W5_P3,36.0,12,3.2598,12.74,14.08,26.82,2.0,2.0,0.15,0.1,0.0,19.4102,0.0,0.3,60.0,60.0,0.1,0.1,0.1,4100.9,7335.11458,-3234.21458
W5_P3,36.0,13,2.6898,12.812,14.08,26.892,11.663711,11.663711,0.874778,0.583186,0.0,0.0,0.0,1.749557,349.911325,349.911325,0.583186,0.583186,0.583186,6529.077267,0.0,6529.077267
W5_P3,36.0,14,3.63,8.256,11.52,19.776,7.781205,7.781205,0.58359,0.38906,0.0,0.0,0.0,1.167181,233.436145,233.436145,0.38906,0.38906,0.38906,4567.268386,0.0,4567.268386
W5_P3,36.0,15,3.8202,8.556,7.04,15.596,2.0,2.0,0.15,0.1,0.0,7.6258,0.0,0.3,60.0,60.0,0.1,0.1,0.1,2628.5,2881.78982,-253.28982
W5_P3,36.0,16,3.75,15.664,5.12,20.784,5.145831,5.145831,0.385937,0.257292,0.0,6.3564,0.0,0.771875,154.37494,154.37494,0.257292,0.257292,0.257292,4251.229706,2402.08356,1849.146146
W5_P3,36.0,17,3.1398,8.372,3.2,11.572,4.063711,4.063711,0.304778,0.203186,0.0,0.0,0.0,0.609557,121.911325,121.911325,0.203186,0.203186,0.203186,2656.337267,0.0,2656.337267
W5_P3,36.0,18,2.61,7.872,1.28,9.152,2.0,2.0,0.15,0.1,0.0,2.392,0.0,0.3,60.0,60.0,0.1,0.1,0.1,1834.7,903.9368,930.7632
W5_P3,36.0,19,2.1198,11.176,0.0,11.176,2.0,2.0,0.15,0.1,0.0,4.9062,0.0,0.3,60.0,60.0,0.1,0.1,0.1,2176.7,1854.05298,322.64702
W5_P3,36.0,20,1.86,9.884,0.0,9.884,2.0,2.0,0.15,0.1,0.0,3.874,0.0,0.3,60.0,60.0,0.1,0.1,0.1,1982.9,1463.9846,518.9154
W5_P3,36.0,21,1.6302,9.02,0.0,9.02,2.0,2.0,0.15,0.1,0.0,3.2398,0.0,0.3,60.0,60.0,0.1,0.1,0.1,1853.3,1224.32042,628.97958
W5_P3,36.0,22,1.56,6.204,0.0,6.204,2.238072,2.238072,0.167855,0.111904,0.0,0.0,0.0,0.335711,67.142169,67.142169,0.111904,0.111904,0.111904,1490.453783,0.0,1490.453783
W5_P3,36.0,23,1.4802,16.928,0.0,16.928,20.0,20.0,1.5,1.0,26.0522,-0.0,0.0,3.0,600.0,600.0,1.0,1.0,1.0,16462.47328,-0.0,16462.47328
W5_P4,72.0,0,1.3698,9.776,0.0,9.776,20.0,20.0,1.5,1.0,33.0938,0.0,0.0,3.0,600.0,600.0,1.0,1.0,1.0,17800.71712,0.0,17800.71712
W5_P4,72.0,1,1.0998,13.5,0.0,13.5,20.0,20.0,1.5,1.0,29.0998,0.0,0.0,3.0,600.0,600.0,1.0,1.0,1.0,16991.77152,0.0,16991.77152
W5_P4,72.0,2,0.7998,15.392,0.0,15.392,20.0,20.0,1.5,1.0,26.9078,0.0,0.0,3.0,600.0,600.0,1.0,1.0,1.0,16525.03072,0.0,16525.03072
W5_P4,72.0,3,0.99,13.312,0.0,13.312,20.0,20.0,1.5,1.0,29.178,0.0,0.0,3.0,600.0,600.0,1.0,1.0,1.0,16990.3472,0.0,16990.3472
W5_P4,72.0,4,1.1802,15.144,0.0,15.144,20.0,20.0,1.5,1.0,27.5362,0.0,0.0,3.0,600.0,600.0,1.0,1.0,1.0,16702.99488,0.0,16702.99488
W5_P4,72.0,5,1.6302,14.316,0.0,14.316,20.0,20.0,1.5,1.0,28.8142,0.0,0.0,3.0,600.0,600.0,1.0,1.0,1.0,17016.38208,0.0,17016.38208
W5_P4,72.0,6,2.5002,17.852,0.0,17.852,20.0,20.0,1.5,1.0,26.1482,0.0,0.0,3.0,600.0,600.0,1.0,1.0,1.0,16633.94368,0.0,16633.94368
W5_P4,72.0,7,3.3702,9.628,0.0,9.628,20.0,20.0,1.5,1.0,35.2422,0.0,0.0,3.0,600.0,600.0,1.0,1.0,1.0,27853.31228,0.0,27853.31228
W5_P4,72.0,8,4.0098,22.324,0.0,22.324,20.0,20.0,1.5,1.0,23.1858,0.0,0.0,3.0,600.0,600.0,1.0,1.0,1.0,22434.65492,0.0,22434.65492
W5_P4,72.0,9,4.2,20.928,0.0,20.928,20.0,20.0,1.5,1.0,24.772,0.0,0.0,3.0,600.0,600.0,1.0,1.0,1.0,23188.7128,0.0,23188.7128
W5_P4,72.0,10,4.1202,15.996,0.0,15.996,20.0,20.0,1.5,1.0,29.6242,0.0,0.0,3.0,600.0,600.0,1.0,1.0,1.0,31172.85808,0.0,31172.85808
W5_P4,72.0,11,3.9,14.328,1.28,15.608,20.0,20.0,1.5,1.0,29.792,0.0,0.0,3.0,600.0,600.0,1.0,1.0,1.0,31210.9008,0.0,31210.9008
W5_P4,72.0,12,3.2598,12.74,5.12,17.86,20.0,20.0,1.5,1.0,26.8998,0.0,0.0,3.0,600.0,600.0,1.0,1.0,1.0,29112.79952,0.0,29112.79952
W5_P4,72.0,13,2.6898,12.812,7.68,20.492,20.0,20.0,1.5,1.0,23.6978,0.0,0.0,3.0,600.0,600.0,1.0,1.0,1.0,26861.51472,0.0,26861.51472
W5_P4,72.0,14,3.63,8.256,5.12,13.376,20.0,20.0,1.5,1.0,31.754,0.0,0.0,3.0,600.0,600.0,1.0,1.0,1.0,32335.2096,0.0,32335.2096
W5_P4,72.0,15,3.8202,8.556,1.28,9.836,20.0,20.0,1.5,1.0,35.4842,0.0,0.0,3.0,600.0,600.0,1.0,1.0,1.0,27993.10308,0.0,27993.10308
W5_P4,72.0,16,3.75,15.664,0.0,15.664,20.0,20.0,1.5,1.0,29.586,0.0,0.0,3.0,600.0,600.0,1.0,1.0,1.0,25323.1364,0.0,25323.1364
W5_P4,72.0,17,3.1398,8.372,0.0,8.372,20.0,20.0,1.5,1.0,36.2678,0.0,0.0,3.0,600.0,600.0,1.0,1.0,1.0,28287.86172,0.0,28287.86172
W5_P4,72.0,18,2.61,7.872,0.0,7.872,20.0,20.0,1.5,1.0,36.238,0.0,0.0,3.0,600.0,600.0,1.0,1.0,1.0,35261.1712,0.0,35261.1712
W5_P4,72.0,19,2.1198,11.176,0.0,11.176,20.0,20.0,1.5,1.0,32.4438,0.0,0.0,3.0,600.0,600.0,1.0,1.0,1.0,32712.30512,0.0,32712.30512
W5_P4,72.0,20,1.86,9.884,0.0,9.884,20.0,20.0,1.5,1.0,33.476,0.0,0.0,3.0,600.0,600.0,1.0,1.0,1.0,33346.7424,0.0,33346.7424
W5_P4,72.0,21,1.6302,9.02,0.0,9.02,20.0,20.0,1.5,1.0,34.1102,0.0,0.0,3.0,600.0,600.0,1.0,1.0,1.0,27074.53548,0.0,27074.53548
W5_P4,72.0,22,1.56,6.204,0.0,6.204,20.0,20.0,1.5,1.0,36.856,0.0,0.0,3.0,600.0,600.0,1.0,1.0,1.0,28319.9344,0.0,28319.9344
W5_P4,72.0,23,1.4802,16.928,0.0,16.928,20.0,20.0,1.5,1.0,26.0522,0.0,0.0,3.0,600.0,600.0,1.0,1.0,1.0,16462.47328,0.0,16462.47328
W5_P4,63.0,0,1.3698,9.776,0.0,9.776,20.0,20.0,1.5,1.0,33.0938,0.0,0.0,3.0,600.0,600.0,1.0,1.0,1.0,17800.71712,0.0,17800.71712
W5_P4,63.0,1,1.0998,13.5,0.0,13.5,20.0,20.0,1.5,1.0,29.0998,0.0,0.0,3.0,600.0,600.0,1.0,1.0,1.0,16991.77152,0.0,16991.77152
W5_P4,63.0,2,0.7998,15.392,0.0,15.392,20.0,20.0,1.5,1.0,26.9078,0.0,0.0,3.0,600.0,600.0,1.0,1.0,1.0,16525.03072,0.0,16525.03072
W5_P4,63.0,3,0.99,13.312,0.0,13.312,20.0,20.0,1.5,1.0,29.178,0.0,0.0,3.0,600.0,600.0,1.0,1.0,1.0,16990.3472,0.0,16990.3472
W5_P4,63.0,4,1.1802,15.144,0.0,15.144,20.0,20.0,1.5,1.0,27.5362,0.0,0.0,3.0,600.0,600.0,1.0,1.0,1.0,16702.99488,0.0,16702.99488
W5_P4,63.0,5,1.6302,14.316,0.0,14.316,20.0,20.0,1.5,1.0,28.8142,0.0,0.0,3.0,600.0,600.0,1.0,1.0,1.0,17016.38208,0.0,17016.38208
W5_P4,63.0,6,2.5002,17.852,0.0,17.852,20.0,20.0,1.5,1.0,26.1482,0.0,0.0,3.0,600.0,600.0,1.0,1.0,1.0,16633.94368,0.0,16633.94368
W5_P4,63.0,7,3.3702,9.628,0.0,9.628,20.0,20.0,1.5,1.0,35.2422,0.0,0.0,3.0,600.0,600.0,1.0,1.0,1.0,27853.31228,0.0,27853.31228
W5_P4,63.0,8,4.0098,22.324,0.0,22.324,20.0,20.0,1.5,1.0,23.1858,0.0,0.0,3.0,600.0,600.0,1.0,1.0,1.0,22434.65492,0.0,22434.65492
W5_P4,63.0,9,4.2,20.928,0.0,20.928,20.0,20.0,1.5,1.0,24.772,0.0,0.0,3.0,600.0,600.0,1.0,1.0,1.0,23188.7128,0.0,23188.7128
W5_P4,63.0,10,4.1202,15.996,0.0,15.996,17.484048,17.484048,1.311304,0.874202,24.4036,0.0,0.0,2.622607,524.521446,524.521446,0.874202,0.874202,0.874202,26354.483295,0.0,26354.483295
W5_P4,63.0,11,3.9,14.328,1.28,15.608,20.0,20.0,1.5,1.0,29.792,0.0,0.0,3.0,600.0,600.0,1.0,1.0,1.0,31210.9008,0.0,31210.9008
W5_P4,63.0,12,3.2598,12.74,5.12,17.86,7.036241,7.036241,0.527718,0.351812,0.0,-0.0,0.0,1.055436,211.087229,211.087229,0.351812,0.351812,0.351812,4285.515677,-0.0,4285.515677
W5_P4,63.0,13,2.6898,12.812,7.68,20.492,8.579373,8.579373,0.643453,0.428969,0.0,-0.0,0.0,1.286906,257.381205,257.381205,0.428969,0.428969,0.428969,4989.53028,-0.0,4989.53028
W5_P4,63.0,14,3.63,8.256,5.12,13.376,20.0,20.0,1.5,1.0,31.754,0.0,0.0,3.0,600.0,600.0,1.0,1.0,1.0,32335.2096,0.0,32335.2096
W5_P4,63.0,15,3.8202,8.556,1.28,9.836,20.0,20.0,1.5,1.0,35.4842,0.0,0.0,3.0,600.0,600.0,1.0,1.0,1.0,27993.10308,0.0,27993.10308
W5_P4,63.0,16,3.75,15.664,0.0,15.664,20.0,20.0,1.5,1.0,29.586,0.0,0.0,3.0,600.0,600.0,1.0,1.0,1.0,25323.1364,0.0,25323.1364
W5_P4,63.0,17,3.1398,8.372,0.0,8.372,20.0,20.0,1.5,1.0,36.2678,0.0,0.0,3.0,600.0,600.0,1.0,1.0,1.0,28287.86172,0.0,28287.86172
W5_P4,63.0,18,2.61,7.872,0.0,7.872,2.535904,2.535904,0.190193,0.126795,0.0,-0.0,0.0,0.380386,76.077108,76.077108,0.126795,0.126795,0.126795,1815.156289,-0.0,1815.156289
W5_P4,63.0,19,2.1198,11.176,0.0,11.176,4.364434,4.364434,0.327333,0.218222,0.0,-0.0,0.0,0.654665,130.933012,130.933012,0.218222,0.218222,0.218222,2768.163099,-0.0,2768.163099
W5_P4,63.0,20,1.86,9.884,0.0,9.884,20.0,20.0,1.5,1.0,33.476,0.0,0.0,3.0,600.0,600.0,1.0,1.0,1.0,33346.7424,0.0,33346.7424
W5_P4,63.0,21,1.6302,9.02,0.0,9.02,20.0,20.0,1.5,1.0,34.1102,0.0,0.0,3.0,600.0,600.0,1.0,1.0,1.0,27074.53548,0.0,27074.53548
W5_P4,63.0,22,1.56,6.204,0.0,6.204,20.0,20.0,1.5,1.0,36.856,0.0,0.0,3.0,600.0,600.0,1.0,1.0,1.0,28319.9344,0.0,28319.9344
W5_P4,63.0,23,1.4802,16.928,0.0,16.928,20.0,20.0,1.5,1.0,26.0522,0.0,0.0,3.0,600.0,600.0,1.0,1.0,1.0,16462.47328,0.0,16462.47328
W5_P4,54.0,0,1.3698,9.776,0.0,9.776,20.0,20.0,1.5,1.0,33.0938,0.0,0.0,3.0,600.0,600.0,1.0,1.0,1.0,17800.71712,0.0,17800.71712
W5_P4,54.0,1,1.0998,13.5,0.0,13.5,20.0,20.0,1.5,1.0,29.0998,0.0,0.0,3.0,600.0,600.0,1.0,1.0,1.0,16991.77152,0.0,16991.77152
W5_P4,54.0,2,0.7998,15.392,0.0,15.392,20.0,20.0,1.5,1.0,26.9078,0.0,0.0,3.0,600.0,600.0,1.0,1.0,1.0,16525.03072,0.0,16525.03072
W5_P4,54.0,3,0.99,13.312,0.0,13.312,20.0,20.0,1.5,1.0,29.178,0.0,0.0,3.0,600.0,600.0,1.0,1.0,1.0,16990.3472,0.0,16990.3472
W5_P4,54.0,4,1.1802,15.144,0.0,15.144,20.0,20.0,1.5,1.0,27.5362,0.0,0.0,3.0,600.0,600.0,1.0,1.0,1.0,16702.99488,0.0,16702.99488
W5_P4,54.0,5,1.6302,14.316,0.0,14.316,20.0,20.0,1.5,1.0,28.8142,0.0,0.0,3.0,600.0,600.0,1.0,1.0,1.0,17016.38208,0.0,17016.38208
W5_P4,54.0,6,2.5002,17.852,0.0,17.852,20.0,20.0,1.5,1.0,26.1482,0.0,0.0,3.0,600.0,600.0,1.0,1.0,1.0,16633.94368,0.0,16633.94368
W5_P4,54.0,7,3.3702,9.628,0.0,9.628,17.554506,17.554506,1.316588,0.877725,30.1678,0.0,0.0,2.633176,526.635181,526.635181,0.877725,0.877725,0.877725,24159.381402,0.0,24159.381402
W5_P4,54.0,8,4.0098,22.324,0.0,22.324,20.0,20.0,1.5,1.0,23.1858,0.0,0.0,3.0,600.0,600.0,1.0,1.0,1.0,22434.65492,0.0,22434.65492
W5_P4,54.0,9,4.2,20.928,0.0,20.928,20.0,20.0,1.5,1.0,24.772,0.0,0.0,3.0,600.0,600.0,1.0,1.0,1.0,23188.7128,0.0,23188.7128
W5_P4,54.0,10,4.1202,15.996,0.0,15.996,5.723277,5.723277,0.429246,0.286164,0.0,-0.0,0.0,0.858492,171.698313,171.698313,0.286164,0.286164,0.286164,3831.077769,-0.0,3831.077769
W5_P4,54.0,11,3.9,14.328,1.28,15.608,5.64241,5.64241,0.423181,0.28212,0.0,-0.0,0.0,0.846361,169.272289,169.272289,0.28212,0.28212,0.28212,3714.248771,-0.0,3714.248771
W5_P4,54.0,12,3.2598,12.74,5.12,17.86,7.036241,7.036241,0.527718,0.351812,0.0,-0.0,0.0,1.055436,211.087229,211.087229,0.351812,0.351812,0.351812,4285.515677,-0.0,4285.515677
W5_P4,54.0,13,2.6898,12.812,7.68,20.492,8.579373,8.579373,0.643453,0.428969,0.0,-0.0,0.0,1.286906,257.381205,257.381205,0.428969,0.428969,0.428969,4989.53028,-0.0,4989.53028
W5_P4,54.0,14,3.63,8.256,5.12,13.376,4.696867,4.696867,0.352265,0.234843,0.0,-0.0,0.0,0.70453,140.906024,140.906024,0.234843,0.234843,0.234843,3027.721398,-0.0,3027.721398
W5_P4,54.0,15,3.8202,8.556,1.28,9.836,20.0,20.0,1.5,1.0,35.4842,0.0,0.0,3.0,600.0,600.0,1.0,1.0,1.0,27993.10308,0.0,27993.10308
W5_P4,54.0,16,3.75,15.664,0.0,15.664,20.0,20.0,1.5,1.0,29.586,0.0,0.0,3.0,600.0,600.0,1.0,1.0,1.0,25323.1364,0.0,25323.1364
W5_P4,54.0,17,3.1398,8.372,0.0,8.372,20.0,20.0,1.5,1.0,36.2678,0.0,0.0,3.0,600.0,600.0,1.0,1.0,1.0,28287.86172,0.0,28287.86172
W5_P4,54.0,18,2.61,7.872,0.0,7.872,2.535904,2.535904,0.190193,0.126795,0.0,-0.0,0.0,0.380386,76.077108,76.077108,0.126795,0.126795,0.126795,1815.156289,-0.0,1815.156289
W5_P4,54.0,19,2.1198,11.176,0.0,11.176,4.364434,4.364434,0.327333,0.218222,0.0,-0.0,0.0,0.654665,130.933012,130.933012,0.218222,0.218222,0.218222,2768.163099,-0.0,2768.163099
W5_P4,54.0,20,1.86,9.884,0.0,9.884,3.866988,3.866988,0.290024,0.193349,0.0,-0.0,0.0,0.580048,116.009639,116.009639,0.193349,0.193349,0.193349,2449.927036,-0.0,2449.927036
W5_P4,54.0,21,1.6302,9.02,0.0,9.02,20.0,20.0,1.5,1.0,34.1102,0.0,0.0,3.0,600.0,600.0,1.0,1.0,1.0,27074.53548,0.0,27074.53548
W5_P4,54.0,22,1.56,6.204,0.0,6.204,20.0,20.0,1.5,1.0,36.856,0.0,0.0,3.0,600.0,600.0,1.0,1.0,1.0,28319.9344,0.0,28319.9344
W5_P4,54.0,23,1.4802,16.928,0.0,16.928,20.0,20.0,1.5,1.0,26.0522,0.0,0.0,3.0,600.0,600.0,1.0,1.0,1.0,16462.47328,0.0,16462.47328
W5_P4,45.0,0,1.3698,9.776,0.0,9.776,20.0,20.0,1.5,1.0,33.0938,0.0,0.0,3.0,600.0,600.0,1.0,1.0,1.0,17800.71712,0.0,17800.71712
W5_P4,45.0,1,1.0998,13.5,0.0,13.5,20.0,20.0,1.5,1.0,29.0998,0.0,0.0,3.0,600.0,600.0,1.0,1.0,1.0,16991.77152,0.0,16991.77152
W5_P4,45.0,2,0.7998,15.392,0.0,15.392,20.0,20.0,1.5,1.0,26.9078,0.0,0.0,3.0,600.0,600.0,1.0,1.0,1.0,16525.03072,0.0,16525.03072
W5_P4,45.0,3,0.99,13.312,0.0,13.312,20.0,20.0,1.5,1.0,29.178,0.0,0.0,3.0,600.0,600.0,1.0,1.0,1.0,16990.3472,0.0,16990.3472
W5_P4,45.0,4,1.1802,15.144,0.0,15.144,20.0,20.0,1.5,1.0,27.5362,0.0,0.0,3.0,600.0,600.0,1.0,1.0,1.0,16702.99488,0.0,16702.99488
W5_P4,45.0,5,1.6302,14.316,0.0,14.316,20.0,20.0,1.5,1.0,28.8142,0.0,0.0,3.0,600.0,600.0,1.0,1.0,1.0,17016.38208,0.0,17016.38208
W5_P4,45.0,6,2.5002,17.852,0.0,17.852,20.0,20.0,1.5,1.0,26.1482,0.0,0.0,3.0,600.0,600.0,1.0,1.0,1.0,16633.94368,0.0,16633.94368
W5_P4,45.0,7,3.3702,9.628,0.0,9.628,3.015807,3.015807,0.226186,0.15079,0.0,-0.0,0.0,0.452371,90.474217,90.474217,0.15079,0.15079,0.15079,2198.604178,-0.0,2198.604178
W5_P4,45.0,8,4.0098,22.324,0.0,22.324,20.0,20.0,1.5,1.0,23.1858,0.0,0.0,3.0,600.0,600.0,1.0,1.0,1.0,22434.65492,0.0,22434.65492
W5_P4,45.0,9,4.2,20.928,0.0,20.928,20.0,20.0,1.5,1.0,24.772,0.0,0.0,3.0,600.0,600.0,1.0,1.0,1.0,23188.7128,0.0,23188.7128
W5_P4,45.0,10,4.1202,15.996,0.0,15.996,5.723277,5.723277,0.429246,0.286164,0.0,-0.0,0.0,0.858492,171.698313,171.698313,0.286164,0.286164,0.286164,3831.077769,-0.0,3831.077769
W5_P4,45.0,11,3.9,14.328,1.28,15.608,5.64241,5.64241,0.423181,0.28212,0.0,-0.0,0.0,0.846361,169.272289,169.272289,0.28212,0.28212,0.28212,3714.248771,-0.0,3714.248771
W5_P4,45.0,12,3.2598,12.74,5.12,17.86,7.036241,7.036241,0.527718,0.351812,0.0,-0.0,0.0,1.055436,211.087229,211.087229,0.351812,0.351812,0.351812,4285.515677,-0.0,4285.515677
W5_P4,45.0,13,2.6898,12.812,7.68,20.492,8.579373,8.579373,0.643453,0.428969,0.0,-0.0,0.0,1.286906,257.381205,257.381205,0.428969,0.428969,0.428969,4989.53028,-0.0,4989.53028
W5_P4,45.0,14,3.63,8.256,5.12,13.376,4.696867,4.696867,0.352265,0.234843,0.0,-0.0,0.0,0.70453,140.906024,140.906024,0.234843,0.234843,0.234843,3027.721398,-0.0,3027.721398
W5_P4,45.0,15,3.8202,8.556,1.28,9.836,20.0,20.0,1.5,1.0,35.4842,0.0,0.0,3.0,600.0,600.0,1.0,1.0,1.0,27993.10308,0.0,27993.10308
W5_P4,45.0,16,3.75,15.664,0.0,15.664,5.741687,5.741687,0.430627,0.287084,0.0,-0.0,0.0,0.861253,172.250602,172.250602,0.287084,0.287084,0.287084,3785.88294,-0.0,3785.88294
W5_P4,45.0,17,3.1398,8.372,0.0,8.372,20.0,20.0,1.5,1.0,36.2678,0.0,0.0,3.0,600.0,600.0,1.0,1.0,1.0,28287.86172,0.0,28287.86172
W5_P4,45.0,18,2.61,7.872,0.0,7.872,2.535904,2.535904,0.190193,0.126795,0.0,-0.0,0.0,0.380386,76.077108,76.077108,0.126795,0.126795,0.126795,1815.156289,-0.0,1815.156289
W5_P4,45.0,19,2.1198,11.176,0.0,11.176,4.364434,4.364434,0.327333,0.218222,0.0,-0.0,0.0,0.654665,130.933012,130.933012,0.218222,0.218222,0.218222,2768.163099,-0.0,2768.163099
W5_P4,45.0,20,1.86,9.884,0.0,9.884,3.866988,3.866988,0.290024,0.193349,0.0,-0.0,0.0,0.580048,116.009639,116.009639,0.193349,0.193349,0.193349,2449.927036,-0.0,2449.927036
W5_P4,45.0,21,1.6302,9.02,0.0,9.02,3.561349,3.561349,0.267101,0.178067,0.0,-0.0,0.0,0.534202,106.840482,106.840482,0.178067,0.178067,0.178067,2243.871552,-0.0,2243.871552
W5_P4,45.0,22,1.56,6.204,0.0,6.204,5.235663,5.235663,0.392675,0.261783,6.22,0.0,0.0,0.785349,157.06988,157.06988,0.261783,0.261783,0.261783,6018.329012,0.0,6018.329012
W5_P4,45.0,23,1.4802,16.928,0.0,16.928,20.0,20.0,1.5,1.0,26.0522,0.0,0.0,3.0,600.0,600.0,1.0,1.0,1.0,16462.47328,0.0,16462.47328
W5_P4,36.0,0,1.3698,9.776,0.0,9.776,20.0,20.0,1.5,1.0,33.0938,0.0,0.0,3.0,600.0,600.0,1.0,1.0,1.0,17800.71712,0.0,17800.71712
W5_P4,36.0,1,1.0998,13.5,0.0,13.5,20.0,20.0,1.5,1.0,29.0998,0.0,0.0,3.0,600.0,600.0,1.0,1.0,1.0,16991.77152,0.0,16991.77152
W5_P4,36.0,2,0.7998,15.392,0.0,15.392,20.0,20.0,1.5,1.0,26.9078,0.0,0.0,3.0,600.0,600.0,1.0,1.0,1.0,16525.03072,0.0,16525.03072
W5_P4,36.0,3,0.99,13.312,0.0,13.312,20.0,20.0,1.5,1.0,29.178,0.0,0.0,3.0,600.0,600.0,1.0,1.0,1.0,16990.3472,0.0,16990.3472
W5_P4,36.0,4,1.1802,15.144,0.0,15.144,20.0,20.0,1.5,1.0,27.5362,0.0,0.0,3.0,600.0,600.0,1.0,1.0,1.0,16702.99488,0.0,16702.99488
W5_P4,36.0,5,1.6302,14.316,0.0,14.316,20.0,20.0,1.5,1.0,28.8142,0.0,0.0,3.0,600.0,600.0,1.0,1.0,1.0,17016.38208,0.0,17016.38208
W5_P4,36.0,6,2.5002,17.852,0.0,17.852,20.0,20.0,1.5,1.0,26.1482,0.0,0.0,3.0,600.0,600.0,1.0,1.0,1.0,16633.94368,0.0,16633.94368
W5_P4,36.0,7,3.3702,9.628,0.0,9.628,3.015807,3.015807,0.226186,0.15079,0.0,-0.0,0.0,0.452371,90.474217,90.474217,0.15079,0.15079,0.15079,2198.604178,-0.0,2198.604178
W5_P4,36.0,8,4.0098,22.324,0.0,22.324,8.82612,8.82612,0.661959,0.441306,0.0,-0.0,0.0,1.323918,264.783614,264.783614,0.441306,0.441306,0.441306,5556.454039,-0.0,5556.454039
W5_P4,36.0,9,4.2,20.928,0.0,20.928,8.061687,8.061687,0.604627,0.403084,0.0,-0.0,0.0,1.209253,241.850602,241.850602,0.403084,0.403084,0.403084,5155.83094,-0.0,5155.83094
W5_P4,36.0,10,4.1202,15.996,0.0,15.996,5.723277,5.723277,0.429246,0.286164,0.0,-0.0,0.0,0.858492,171.698313,171.698313,0.286164,0.286164,0.286164,3831.077769,-0.0,3831.077769
W5_P4,36.0,11,3.9,14.328,1.28,15.608,5.64241,5.64241,0.423181,0.28212,0.0,-0.0,0.0,0.846361,169.272289,169.272289,0.28212,0.28212,0.28212,3714.248771,-0.0,3714.248771
W5_P4,36.0,12,3.2598,12.74,5.12,17.86,7.036241,7.036241,0.527718,0.351812,0.0,-0.0,0.0,1.055436,211.087229,211.087229,0.351812,0.351812,0.351812,4285.515677,-0.0,4285.515677
W5_P4,36.0,13,2.6898,12.812,7.68,20.492,8.579373,8.579373,0.643453,0.428969,0.0,-0.0,0.0,1.286906,257.381205,257.381205,0.428969,0.428969,0.428969,4989.53028,-0.0,4989.53028
W5_P4,36.0,14,3.63,8.256,5.12,13.376,4.696867,4.696867,0.352265,0.234843,0.0,-0.0,0.0,0.70453,140.906024,140.906024,0.234843,0.234843,0.234843,3027.721398,-0.0,3027.721398
W5_P4,36.0,15,3.8202,8.556,1.28,9.836,3.588241,3.588241,0.269118,0.179412,1.4298,0.0,0.0,0.538236,107.647229,107.647229,0.179412,0.179412,0.179412,3203.058997,0.0,3203.058997
W5_P4,36.0,16,3.75,15.664,0.0,15.664,5.741687,5.741687,0.430627,0.287084,0.0,-0.0,0.0,0.861253,172.250602,172.250602,0.287084,0.287084,0.287084,3785.88294,-0.0,3785.88294
W5_P4,36.0,17,3.1398,8.372,0.0,8.372,2.521542,2.521542,0.189116,0.126077,0.0,-0.0,0.0,0.378231,75.646265,75.646265,0.126077,0.126077,0.126077,1886.563773,-0.0,1886.563773
W5_P4,36.0,18,2.61,7.872,0.0,7.872,2.535904,2.535904,0.190193,0.126795,0.0,-0.0,0.0,0.380386,76.077108,76.077108,0.126795,0.126795,0.126795,1815.156289,-0.0,1815.156289
W5_P4,36.0,19,2.1198,11.176,0.0,11.176,4.364434,4.364434,0.327333,0.218222,0.0,-0.0,0.0,0.654665,130.933012,130.933012,0.218222,0.218222,0.218222,2768.163099,-0.0,2768.163099
W5_P4,36.0,20,1.86,9.884,0.0,9.884,3.866988,3.866988,0.290024,0.193349,0.0,-0.0,0.0,0.580048,116.009639,116.009639,0.193349,0.193349,0.193349,2449.927036,-0.0,2449.927036
W5_P4,36.0,21,1.6302,9.02,0.0,9.02,3.561349,3.561349,0.267101,0.178067,0.0,-0.0,0.0,0.534202,106.840482,106.840482,0.178067,0.178067,0.178067,2243.871552,-0.0,2243.871552
W5_P4,36.0,22,1.56,6.204,0.0,6.204,2.238072,2.238072,0.167855,0.111904,0.0,-0.0,0.0,0.335711,67.142169,67.142169,0.111904,0.111904,0.111904,1490.453783,-0.0,1490.453783
W5_P4,36.0,23,1.4802,16.928,0.0,16.928,20.0,20.0,1.5,1.0,26.0522,0.0,0.0,3.0,600.0,600.0,1.0,1.0,1.0,16462.47328,0.0,16462.47328
W6_P1,72.0,0,1.3698,9.448,0.0,9.448,20.0,20.0,1.5,1.0,33.4218,0.0,0.0,3.0,600.0,600.0,1.0,1.0,1.0,17863.82432,0.0,17863.82432
W6_P1,72.0,1,1.0998,10.504,0.0,10.504,20.0,20.0,1.5,1.0,32.0958,0.0,0.0,3.0,600.0,600.0,1.0,1.0,1.0,17568.20192,0.0,17568.20192
W6_P1,72.0,2,0.7998,11.788,0.0,11.788,20.0,20.0,1.5,1.0,30.5118,0.0,0.0,3.0,600.0,600.0,1.0,1.0,1.0,17218.44032,0.0,17218.44032
W6_P1,72.0,3,0.99,11.504,0.0,11.504,20.0,20.0,1.5,1.0,30.986,0.0,0.0,3.0,600.0,600.0,1.0,1.0,1.0,17338.2064,0.0,17338.2064
W6_P1,72.0,4,1.1802,11.16,0.0,11.16,20.0,20.0,1.5,1.0,31.5202,0.0,0.0,3.0,600.0,600.0,1.0,1.0,1.0,17469.51648,0.0,17469.51648
W6_P1,72.0,5,1.6302,10.964,0.0,10.964,20.0,20.0,1.5,1.0,32.1662,0.0,0.0,3.0,600.0,600.0,1.0,1.0,1.0,17661.30688,0.0,17661.30688
W6_P1,72.0,6,2.5002,10.744,14.08,24.824,20.0,20.0,1.5,1.0,19.1762,0.0,0.0,3.0,600.0,600.0,1.0,1.0,1.0,14870.13088,0.0,14870.13088
W6_P1,72.0,7,3.3702,10.34,25.6,35.94,20.0,20.0,1.5,1.0,8.9302,0.0,0.0,3.0,600.0,600.0,1.0,1.0,1.0,15050.20348,0.0,15050.20348
W6_P1,72.0,8,4.0098,9.672,37.12,46.792,20.0,20.0,1.5,1.0,0.0,1.2822,0.0,3.0,600.0,600.0,1.0,1.0,1.0,10908.2,484.54338,10423.65662
W6_P1,72.0,9,4.2,6.948,46.08,53.028,20.0,20.0,1.5,1.0,0.0,7.328,0.0,3.0,600.0,600.0,1.0,1.0,1.0,11574.8,2769.2512,8805.5488
W6_P1,72.0,10,4.1202,6.04,52.48,58.52,20.0,20.0,1.5,1.0,0.0,12.8998,0.0,3.0,600.0,600.0,1.0,1.0,1.0,12206.6,4874.83442,7331.76558
W6_P1,72.0,11,3.9,6.06,55.04,61.1,20.0,20.0,1.5,1.0,0.0,15.7,0.0,3.0,600.0,600.0,1.0,1.0,1.0,12516.8,5933.03,6583.77
W6_P1,72.0,12,3.2598,6.528,56.32,62.848,20.0,20.0,1.5,1.0,0.0,18.0882,0.0,3.0,600.0,600.0,1.0,1.0,1.0,12740.6,6835.53078,5905.06922
W6_P1,72.0,13,2.6898,5.768,56.32,62.088,20.0,20.0,1.5,1.0,0.0,17.8982,0.0,3.0,600.0,600.0,1.0,1.0,1.0,12626.6,6763.72978,5862.87022
W6_P1,72.0,14,3.63,5.432,52.48,57.912,20.0,20.0,1.5,1.0,0.0,12.782,0.0,3.0,600.0,600.0,1.0,1.0,1.0,12115.4,4830.3178,7285.0822
W6_P1,72.0,15,3.8202,5.368,44.8,50.168,20.0,20.0,1.5,1.0,0.0,4.8478,0.0,3.0,600.0,600.0,1.0,1.0,1.0,11184.2,1831.98362,9352.21638
W6_P1,72.0,16,3.75,6.656,33.28,39.936,20.0,20.0,1.5,1.0,5.314,0.0,0.0,3.0,600.0,600.0,1.0,1.0,1.0,13222.7236,0.0,13222.7236
W6_P1,72.0,17,3.1398,8.408,24.32,32.728,20.0,20.0,1.5,1.0,11.9118,0.0,0.0,3.0,600.0,600.0,1.0,1.0,1.0,16417.82732,0.0,16417.82732
W6_P1,72.0,18,2.61,10.808,11.52,22.328,20.0,20.0,1.5,1.0,21.782,0.0,0.0,3.0,600.0,600.0,1.0,1.0,1.0,25484.4768,0.0,25484.4768
W6_P1,72.0,19,2.1198,9.604,0.0,9.604,20.0,20.0,1.5,1.0,34.0158,0.0,0.0,3.0,600.0,600.0,1.0,1.0,1.0,33737.87792,0.0,33737.87792
W6_P1,72.0,20,1.86,6.832,0.0,6.832,20.0,20.0,1.5,1.0,36.528,0.0,0.0,3.0,600.0,600.0,1.0,1.0,1.0,35337.8672,0.0,35337.8672
W6_P1,72.0,21,1.6302,8.384,0.0,8.384,20.0,20.0,1.5,1.0,34.7462,0.0,0.0,3.0,600.0,600.0,1.0,1.0,1.0,27365.44188,0.0,27365.44188
W6_P1,72.0,22,1.56,7.688,0.0,7.688,20.0,20.0,1.5,1.0,35.372,0.0,0.0,3.0,600.0,600.0,1.0,1.0,1.0,27641.1528,0.0,27641.1528
W6_P1,72.0,23,1.4802,9.672,0.0,9.672,20.0,20.0,1.5,1.0,33.3082,0.0,0.0,3.0,600.0,600.0,1.0,1.0,1.0,17858.52768,0.0,17858.52768
W6_P1,63.0,0,1.3698,9.448,0.0,9.448,20.0,20.0,1.5,1.0,33.4218,0.0,0.0,3.0,600.0,600.0,1.0,1.0,1.0,17863.82432,0.0,17863.82432
W6_P1,63.0,1,1.0998,10.504,0.0,10.504,20.0,20.0,1.5,1.0,32.0958,0.0,0.0,3.0,600.0,600.0,1.0,1.0,1.0,17568.20192,0.0,17568.20192
W6_P1,63.0,2,0.7998,11.788,0.0,11.788,20.0,20.0,1.5,1.0,30.5118,0.0,0.0,3.0,600.0,600.0,1.0,1.0,1.0,17218.44032,0.0,17218.44032
W6_P1,63.0,3,0.99,11.504,0.0,11.504,20.0,20.0,1.5,1.0,30.986,0.0,0.0,3.0,600.0,600.0,1.0,1.0,1.0,17338.2064,0.0,17338.2064
W6_P1,63.0,4,1.1802,11.16,0.0,11.16,20.0,20.0,1.5,1.0,31.5202,0.0,0.0,3.0,600.0,600.0,1.0,1.0,1.0,17469.51648,0.0,17469.51648
W6_P1,63.0,5,1.6302,10.964,0.0,10.964,20.0,20.0,1.5,1.0,32.1662,0.0,0.0,3.0,600.0,600.0,1.0,1.0,1.0,17661.30688,0.0,17661.30688
W6_P1,63.0,6,2.5002,10.744,14.08,24.824,20.0,20.0,1.5,1.0,19.1762,0.0,0.0,3.0,600.0,600.0,1.0,1.0,1.0,14870.13088,0.0,14870.13088
W6_P1,63.0,7,3.3702,10.34,25.6,35.94,15.696289,15.696289,1.177222,0.784814,0.0,0.0,0.0,2.354443,470.888675,470.888675,0.784814,0.784814,0.784814,8549.426733,0.0,8549.426733
W6_P1,63.0,8,4.0098,9.672,37.12,46.792,20.0,20.0,1.5,1.0,0.0,1.2822,0.0,3.0,600.0,600.0,1.0,1.0,1.0,10908.2,484.54338,10423.65662
W6_P1,63.0,9,4.2,6.948,46.08,53.028,20.0,20.0,1.5,1.0,0.0,7.328,0.0,3.0,600.0,600.0,1.0,1.0,1.0,11574.8,2769.2512,8805.5488
W6_P1,63.0,10,4.1202,6.04,52.48,58.52,20.0,20.0,1.5,1.0,0.0,12.8998,0.0,3.0,600.0,600.0,1.0,1.0,1.0,12206.6,4874.83442,7331.76558
W6_P1,63.0,11,3.9,6.06,55.04,61.1,20.0,20.0,1.5,1.0,0.0,15.7,0.0,3.0,600.0,600.0,1.0,1.0,1.0,12516.8,5933.03,6583.77
W6_P1,63.0,12,3.2598,6.528,56.32,62.848,20.0,20.0,1.5,1.0,0.0,18.0882,0.0,3.0,600.0,600.0,1.0,1.0,1.0,12740.6,6835.53078,5905.06922
W6_P1,63.0,13,2.6898,5.768,56.32,62.088,20.0,20.0,1.5,1.0,0.0,17.8982,0.0,3.0,600.0,600.0,1.0,1.0,1.0,12626.6,6763.72978,5862.87022
W6_P1,63.0,14,3.63,5.432,52.48,57.912,20.0,20.0,1.5,1.0,0.0,12.782,0.0,3.0,600.0,600.0,1.0,1.0,1.0,12115.4,4830.3178,7285.0822
W6_P1,63.0,15,3.8202,5.368,44.8,50.168,20.0,20.0,1.5,1.0,0.0,4.8478,0.0,3.0,600.0,600.0,1.0,1.0,1.0,11184.2,1831.98362,9352.21638
W6_P1,63.0,16,3.75,6.656,33.28,39.936,17.439036,17.439036,1.307928,0.871952,0.0,0.0,0.0,2.615855,523.171084,523.171084,0.871952,0.871952,0.871952,9354.374892,0.0,9354.374892
W6_P1,63.0,17,3.1398,8.408,24.32,32.728,14.259373,14.259373,1.069453,0.712969,0.0,0.0,0.0,2.138906,427.781205,427.781205,0.712969,0.712969,0.712969,7746.58228,0.0,7746.58228
W6_P1,63.0,18,2.61,10.808,11.52,22.328,9.502651,9.502651,0.712699,0.475133,0.0,0.0,0.0,1.425398,285.079518,285.079518,0.475133,0.475133,0.475133,5380.688048,0.0,5380.688048
W6_P1,63.0,19,2.1198,9.604,0.0,9.604,3.606843,3.606843,0.270513,0.180342,0.0,0.0,0.0,0.541027,108.205301,108.205301,0.180342,0.180342,0.180342,2342.85187,0.0,2342.85187
W6_P1,63.0,20,1.86,6.832,0.0,6.832,2.396145,2.396145,0.179711,0.119807,0.0,0.0,0.0,0.359422,71.884337,71.884337,0.119807,0.119807,0.119807,1624.195566,0.0,1624.195566
W6_P1,63.0,21,1.6302,8.384,0.0,8.384,17.099663,17.099663,1.282475,0.854983,28.728,0.0,0.0,2.564949,512.98988,512.98988,0.854983,0.854983,0.854983,22984.467812,0.0,22984.467812
W6_P1,63.0,22,1.56,7.688,0.0,7.688,20.0,20.0,1.5,1.0,35.372,0.0,0.0,3.0,600.0,600.0,1.0,1.0,1.0,27641.1528,0.0,27641.1528
W6_P1,63.0,23,1.4802,9.672,0.0,9.672,20.0,20.0,1.5,1.0,33.3082,0.0,0.0,3.0,600.0,600.0,1.0,1.0,1.0,17858.52768,0.0,17858.52768
W6_P1,54.0,0,1.3698,9.448,0.0,9.448,20.0,20.0,1.5,1.0,33.4218,0.0,0.0,3.0,600.0,600.0,1.0,1.0,1.0,17863.82432,0.0,17863.82432
W6_P1,54.0,1,1.0998,10.504,0.0,10.504,20.0,20.0,1.5,1.0,32.0958,0.0,0.0,3.0,600.0,600.0,1.0,1.0,1.0,17568.20192,0.0,17568.20192
W6_P1,54.0,2,0.7998,11.788,0.0,11.788,20.0,20.0,1.5,1.0,30.5118,0.0,0.0,3.0,600.0,600.0,1.0,1.0,1.0,17218.44032,0.0,17218.44032
W6_P1,54.0,3,0.99,11.504,0.0,11.504,20.0,20.0,1.5,1.0,30.986,0.0,0.0,3.0,600.0,600.0,1.0,1.0,1.0,17338.2064,0.0,17338.2064
W6_P1,54.0,4,1.1802,11.16,0.0,11.16,20.0,20.0,1.5,1.0,31.5202,0.0,0.0,3.0,600.0,600.0,1.0,1.0,1.0,17469.51648,0.0,17469.51648
W6_P1,54.0,5,1.6302,10.964,0.0,10.964,20.0,20.0,1.5,1.0,32.1662,0.0,0.0,3.0,600.0,600.0,1.0,1.0,1.0,17661.30688,0.0,17661.30688
W6_P1,54.0,6,2.5002,10.744,14.08,24.824,20.0,20.0,1.5,1.0,19.1762,0.0,0.0,3.0,600.0,600.0,1.0,1.0,1.0,14870.13088,0.0,14870.13088
W6_P1,54.0,7,3.3702,10.34,25.6,35.94,15.696289,15.696289,1.177222,0.784814,0.0,0.0,0.0,2.354443,470.888675,470.888675,0.784814,0.784814,0.784814,8549.426733,0.0,8549.426733
W6_P1,54.0,8,4.0098,9.672,37.12,46.792,20.0,20.0,1.5,1.0,0.0,1.2822,0.0,3.0,600.0,600.0,1.0,1.0,1.0,10908.2,484.54338,10423.65662
W6_P1,54.0,9,4.2,6.948,46.08,53.028,20.0,20.0,1.5,1.0,0.0,7.328,0.0,3.0,600.0,600.0,1.0,1.0,1.0,11574.8,2769.2512,8805.5488
W6_P1,54.0,10,4.1202,6.04,52.48,58.52,20.0,20.0,1.5,1.0,0.0,12.8998,0.0,3.0,600.0,600.0,1.0,1.0,1.0,12206.6,4874.83442,7331.76558
W6_P1,54.0,11,3.9,6.06,55.04,61.1,20.0,20.0,1.5,1.0,0.0,15.7,0.0,3.0,600.0,600.0,1.0,1.0,1.0,12516.8,5933.03,6583.77
W6_P1,54.0,12,3.2598,6.528,56.32,62.848,20.0,20.0,1.5,1.0,0.0,18.0882,0.0,3.0,600.0,600.0,1.0,1.0,1.0,12740.6,6835.53078,5905.06922
W6_P1,54.0,13,2.6898,5.768,56.32,62.088,20.0,20.0,1.5,1.0,0.0,17.8982,0.0,3.0,600.0,600.0,1.0,1.0,1.0,12626.6,6763.72978,5862.87022
W6_P1,54.0,14,3.63,5.432,52.48,57.912,8.891566,8.891566,0.666867,0.444578,0.0,35.832,0.0,1.333735,266.746988,266.746988,0.444578,0.444578,0.444578,9336.625301,13540.9128,-4204.287499
W6_P1,54.0,15,3.8202,5.368,44.8,50.168,2.0,2.0,0.15,0.1,0.0,42.1978,0.0,0.3,60.0,60.0,0.1,0.1,0.1,6681.5,15946.54862,-9265.04862
W6_P1,54.0,16,3.75,6.656,33.28,39.936,17.439036,17.439036,1.307928,0.871952,0.0,0.0,0.0,2.615855,523.171084,523.171084,0.871952,0.871952,0.871952,9354.374892,0.0,9354.374892
W6_P1,54.0,17,3.1398,8.408,24.32,32.728,14.259373,14.259373,1.069453,0.712969,0.0,0.0,0.0,2.138906,427.781205,427.781205,0.712969,0.712969,0.712969,7746.58228,0.0,7746.58228
W6_P1,54.0,18,2.61,10.808,11.52,22.328,9.502651,9.502651,0.712699,0.475133,0.0,0.0,0.0,1.425398,285.079518,285.079518,0.475133,0.475133,0.475133,5380.688048,0.0,5380.688048
W6_P1,54.0,19,2.1198,9.604,0.0,9.604,3.606843,3.606843,0.270513,0.180342,0.0,0.0,0.0,0.541027,108.205301,108.205301,0.180342,0.180342,0.180342,2342.85187,0.0,2342.85187
W6_P1,54.0,20,1.86,6.832,0.0,6.832,2.396145,2.396145,0.179711,0.119807,0.0,0.0,0.0,0.359422,71.884337,71.884337,0.119807,0.119807,0.119807,1624.195566,0.0,1624.195566
W6_P1,54.0,21,1.6302,8.384,0.0,8.384,3.254843,3.254843,0.244113,0.162742,0.0,0.0,0.0,0.488227,97.645301,97.645301,0.162742,0.162742,0.162742,2071.79907,0.0,2071.79907
W6_P1,54.0,22,1.56,7.688,0.0,7.688,2.953253,2.953253,0.221494,0.147663,0.0,0.0,0.0,0.442988,88.59759,88.59759,0.147663,0.147663,0.147663,1891.956241,0.0,1891.956241
W6_P1,54.0,23,1.4802,9.672,0.0,9.672,20.0,20.0,1.5,1.0,33.3082,0.0,0.0,3.0,600.0,600.0,1.0,1.0,1.0,17858.52768,0.0,17858.52768
W6_P1,45.0,0,1.3698,9.448,0.0,9.448,20.0,20.0,1.5,1.0,33.4218,0.0,0.0,3.0,600.0,600.0,1.0,1.0,1.0,17863.82432,0.0,17863.82432
W6_P1,45.0,1,1.0998,10.504,0.0,10.504,20.0,20.0,1.5,1.0,32.0958,0.0,0.0,3.0,600.0,600.0,1.0,1.0,1.0,17568.20192,0.0,17568.20192
W6_P1,45.0,2,0.7998,11.788,0.0,11.788,20.0,20.0,1.5,1.0,30.5118,0.0,0.0,3.0,600.0,600.0,1.0,1.0,1.0,17218.44032,0.0,17218.44032
W6_P1,45.0,3,0.99,11.504,0.0,11.504,20.0,20.0,1.5,1.0,30.986,0.0,0.0,3.0,600.0,600.0,1.0,1.0,1.0,17338.2064,0.0,17338.2064
W6_P1,45.0,4,1.1802,11.16,0.0,11.16,20.0,20.0,1.5,1.0,31.5202,0.0,0.0,3.0,600.0,600.0,1.0,1.0,1.0,17469.51648,0.0,17469.51648
W6_P1,45.0,5,1.6302,10.964,0.0,10.964,20.0,20.0,1.5,1.0,32.1662,0.0,0.0,3.0,600.0,600.0,1.0,1.0,1.0,17661.30688,0.0,17661.30688
W6_P1,45.0,6,2.5002,10.744,14.08,24.824,20.0,20.0,1.5,1.0,19.1762,0.0,0.0,3.0,600.0,600.0,1.0,1.0,1.0,14870.13088,0.0,14870.13088
W6_P1,45.0,7,3.3702,10.34,25.6,35.94,15.696289,15.696289,1.177222,0.784814,0.0,0.0,0.0,2.354443,470.888675,470.888675,0.784814,0.784814,0.784814,8549.426733,0.0,8549.426733
W6_P1,45.0,8,4.0098,9.672,37.12,46.792,20.0,20.0,1.5,1.0,0.0,1.2822,0.0,3.0,600.0,600.0,1.0,1.0,1.0,10908.2,484.54338,10423.65662
W6_P1,45.0,9,4.2,6.948,46.08,53.028,20.0,20.0,1.5,1.0,0.0,7.328,0.0,3.0,600.0,600.0,1.0,1.0,1.0,11574.8,2769.2512,8805.5488
W6_P1,45.0,10,4.1202,6.04,52.48,58.52,20.0,20.0,1.5,1.0,0.0,12.8998,0.0,3.0,600.0,600.0,1.0,1.0,1.0,12206.6,4874.83442,7331.76558
W6_P1,45.0,11,3.9,6.06,55.04,61.1,4.14641,4.14641,0.310981,0.20732,0.0,48.5962,0.0,0.621961,124.392289,124.392289,0.20732,0.20732,0.20732,8551.024371,18364.50398,-9813.479609
W6_P1,45.0,12,3.2598,6.528,56.32,62.848,2.0,2.0,0.15,0.1,0.0,55.4382,0.0,0.3,60.0,60.0,0.1,0.1,0.1,8237.9,20950.09578,-12712.19578
W6_P1,45.0,13,2.6898,5.768,56.32,62.088,2.0,2.0,0.15,0.1,0.0,55.2482,0.0,0.3,60.0,60.0,0.1,0.1,0.1,8123.9,20878.29478,-12754.39478
W6_P1,45.0,14,3.63,5.432,52.48,57.912,2.0,2.0,0.15,0.1,0.0,50.132,0.0,0.3,60.0,60.0,0.1,0.1,0.1,7612.7,18944.8828,-11332.1828
W6_P1,45.0,15,3.8202,5.368,44.8,50.168,2.0,2.0,0.15,0.1,0.0,42.1978,0.0,0.3,60.0,60.0,0.1,0.1,0.1,6681.5,15946.54862,-9265.04862
W6_P1,45.0,16,3.75,6.656,33.28,39.936,17.439036,17.439036,1.307928,0.871952,0.0,0.0,0.0,2.615855,523.171084,523.171084,0.871952,0.871952,0.871952,9354.374892,0.0,9354.374892
W6_P1,45.0,17,3.1398,8.408,24.32,32.728,14.259373,14.259373,1.069453,0.712969,0.0,0.0,0.0,2.138906,427.781205,427.781205,0.712969,0.712969,0.712969,7746.58228,0.0,7746.58228
W6_P1,45.0,18,2.61,10.808,11.52,22.328,9.502651,9.502651,0.712699,0.475133,0.0,0.0,0.0,1.425398,285.079518,285.079518,0.475133,0.475133,0.475133,5380.688048,0.0,5380.688048
W6_P1,45.0,19,2.1198,9.604,0.0,9.604,3.606843,3.606843,0.270513,0.180342,0.0,0.0,0.0,0.541027,108.205301,108.205301,0.180342,0.180342,0.180342,2342.85187,0.0,2342.85187
W6_P1,45.0,20,1.86,6.832,0.0,6.832,2.396145,2.396145,0.179711,0.119807,0.0,0.0,0.0,0.359422,71.884337,71.884337,0.119807,0.119807,0.119807,1624.195566,0.0,1624.195566
W6_P1,45.0,21,1.6302,8.384,0.0,8.384,2.0,2.0,0.15,0.1,0.0,2.6038,0.0,0.3,60.0,60.0,0.1,0.1,0.1,1757.9,983.97602,773.92398
W6_P1,45.0,22,1.56,7.688,0.0,7.688,2.953253,2.953253,0.221494,0.147663,0.0,0.0,0.0,0.442988,88.59759,88.59759,0.147663,0.147663,0.147663,1891.956241,0.0,1891.956241
W6_P1,45.0,23,1.4802,9.672,0.0,9.672,20.0,20.0,1.5,1.0,33.3082,0.0,0.0,3.0,600.0,600.0,1.0,1.0,1.0,17858.52768,0.0,17858.52768
W6_P1,36.0,0,1.3698,9.448,0.0,9.448,20.0,20.0,1.5,1.0,33.4218,0.0,0.0,3.0,600.0,600.0,1.0,1.0,1.0,17863.82432,0.0,17863.82432
W6_P1,36.0,1,1.0998,10.504,0.0,10.504,20.0,20.0,1.5,1.0,32.0958,0.0,0.0,3.0,600.0,600.0,1.0,1.0,1.0,17568.20192,0.0,17568.20192
W6_P1,36.0,2,0.7998,11.788,0.0,11.788,20.0,20.0,1.5,1.0,30.5118,0.0,0.0,3.0,600.0,600.0,1.0,1.0,1.0,17218.44032,0.0,17218.44032
W6_P1,36.0,3,0.99,11.504,0.0,11.504,20.0,20.0,1.5,1.0,30.986,0.0,0.0,3.0,600.0,600.0,1.0,1.0,1.0,17338.2064,0.0,17338.2064
W6_P1,36.0,4,1.1802,11.16,0.0,11.16,20.0,20.0,1.5,1.0,31.5202,0.0,0.0,3.0,600.0,600.0,1.0,1.0,1.0,17469.51648,0.0,17469.51648
W6_P1,36.0,5,1.6302,10.964,0.0,10.964,20.0,20.0,1.5,1.0,32.1662,0.0,0.0,3.0,600.0,600.0,1.0,1.0,1.0,17661.30688,0.0,17661.30688
W6_P1,36.0,6,2.5002,10.744,14.08,24.824,20.0,20.0,1.5,1.0,19.1762,0.0,0.0,3.0,600.0,600.0,1.0,1.0,1.0,14870.13088,0.0,14870.13088
W6_P1,36.0,7,3.3702,10.34,25.6,35.94,15.696289,15.696289,1.177222,0.784814,0.0,0.0,0.0,2.354443,470.888675,470.888675,0.784814,0.784814,0.784814,8549.426733,0.0,8549.426733
W6_P1,36.0,8,4.0098,9.672,37.12,46.792,2.0,2.0,0.15,0.1,0.0,38.6322,0.0,0.3,60.0,60.0,0.1,0.1,0.1,6405.5,14599.10838,-8193.60838
W6_P1,36.0,9,4.2,6.948,46.08,53.028,2.0,2.0,0.15,0.1,0.0,44.678,0.0,0.3,60.0,60.0,0.1,0.1,0.1,7072.1,16883.8162,-9811.7162
W6_P1,36.0,10,4.1202,6.04,52.48,58.52,2.0,2.0,0.15,0.1,0.0,50.2498,0.0,0.3,60.0,60.0,0.1,0.1,0.1,7703.9,18989.39942,-11285.49942
W6_P1,36.0,11,3.9,6.06,55.04,61.1,2.0,2.0,0.15,0.1,0.0,53.05,0.0,0.3,60.0,60.0,0.1,0.1,0.1,8014.1,20047.595,-12033.495
W6_P1,36.0,12,3.2598,6.528,56.32,62.848,2.0,2.0,0.15,0.1,0.0,55.4382,0.0,0.3,60.0,60.0,0.1,0.1,0.1,8237.9,20950.09578,-12712.19578
W6_P1,36.0,13,2.6898,5.768,56.32,62.088,2.0,2.0,0.15,0.1,0.0,55.2482,0.0,0.3,60.0,60.0,0.1,0.1,0.1,8123.9,20878.29478,-12754.39478
W6_P1,36.0,14,3.63,5.432,52.48,57.912,2.0,2.0,0.15,0.1,0.0,50.132,0.0,0.3,60.0,60.0,0.1,0.1,0.1,7612.7,18944.8828,-11332.1828
W6_P1,36.0,15,3.8202,5.368,44.8,50.168,2.0,2.0,0.15,0.1,0.0,42.1978,0.0,0.3,60.0,60.0,0.1,0.1,0.1,6681.5,15946.54862,-9265.04862
W6_P1,36.0,16,3.75,6.656,33.28,39.936,17.439036,17.439036,1.307928,0.871952,0.0,0.0,0.0,2.615855,523.171084,523.171084,0.871952,0.871952,0.871952,9354.374892,0.0,9354.374892
W6_P1,36.0,17,3.1398,8.408,24.32,32.728,10.405783,10.405783,0.780434,0.520289,0.0,7.9962,0.0,1.560867,312.173494,312.173494,0.520289,0.520289,0.520289,6782.606651,3021.76398,3760.842671
W6_P1,36.0,18,2.61,10.808,11.52,22.328,9.502651,9.502651,0.712699,0.475133,0.0,0.0,0.0,1.425398,285.079518,285.079518,0.475133,0.475133,0.475133,5380.688048,0.0,5380.688048
W6_P1,36.0,19,2.1198,9.604,0.0,9.604,3.606843,3.606843,0.270513,0.180342,0.0,0.0,0.0,0.541027,108.205301,108.205301,0.180342,0.180342,0.180342,2342.85187,0.0,2342.85187
W6_P1,36.0,20,1.86,6.832,0.0,6.832,2.396145,2.396145,0.179711,0.119807,0.0,0.0,0.0,0.359422,71.884337,71.884337,0.119807,0.119807,0.119807,1624.195566,0.0,1624.195566
W6_P1,36.0,21,1.6302,8.384,0.0,8.384,2.0,2.0,0.15,0.1,0.0,2.6038,0.0,0.3,60.0,60.0,0.1,0.1,0.1,1757.9,983.97602,773.92398
W6_P1,36.0,22,1.56,7.688,0.0,7.688,2.953253,2.953253,0.221494,0.147663,0.0,0.0,0.0,0.442988,88.59759,88.59759,0.147663,0.147663,0.147663,1891.956241,0.0,1891.956241
W6_P1,36.0,23,1.4802,9.672,0.0,9.672,20.0,20.0,1.5,1.0,33.3082,0.0,0.0,3.0,600.0,600.0,1.0,1.0,1.0,17858.52768,0.0,17858.52768
W6_P2,72.0,0,1.3698,9.448,0.0,9.448,20.0,20.0,1.5,1.0,33.4218,0.0,0.0,3.0,600.0,600.0,1.0,1.0,1.0,17863.82432,0.0,17863.82432
W6_P2,72.0,1,1.0998,10.504,0.0,10.504,20.0,20.0,1.5,1.0,32.0958,0.0,0.0,3.0,600.0,600.0,1.0,1.0,1.0,17568.20192,0.0,17568.20192
W6_P2,72.0,2,0.7998,11.788,0.0,11.788,20.0,20.0,1.5,1.0,30.5118,0.0,0.0,3.0,600.0,600.0,1.0,1.0,1.0,17218.44032,0.0,17218.44032
W6_P2,72.0,3,0.99,11.504,0.0,11.504,20.0,20.0,1.5,1.0,30.986,0.0,0.0,3.0,600.0,600.0,1.0,1.0,1.0,17338.2064,0.0,17338.2064
W6_P2,72.0,4,1.1802,11.16,0.0,11.16,20.0,20.0,1.5,1.0,31.5202,0.0,0.0,3.0,600.0,600.0,1.0,1.0,1.0,17469.51648,0.0,17469.51648
W6_P2,72.0,5,1.6302,10.964,0.0,10.964,20.0,20.0,1.5,1.0,32.1662,0.0,0.0,3.0,600.0,600.0,1.0,1.0,1.0,17661.30688,0.0,17661.30688
W6_P2,72.0,6,2.5002,10.744,0.0,10.744,20.0,20.0,1.5,1.0,33.2562,0.0,0.0,3.0,600.0,600.0,1.0,1.0,1.0,18001.52288,0.0,18001.52288
W6_P2,72.0,7,3.3702,10.34,3.2,13.54,20.0,20.0,1.5,1.0,31.3302,0.0,0.0,3.0,600.0,600.0,1.0,1.0,1.0,25967.96348,0.0,25967.96348
W6_P2,72.0,8,4.0098,9.672,10.88,20.552,20.0,20.0,1.5,1.0,24.9578,0.0,0.0,3.0,600.0,600.0,1.0,1.0,1.0,22918.76772,0.0,22918.76772
W6_P2,72.0,9,4.2,6.948,17.92,24.868,20.0,20.0,1.5,1.0,20.832,0.0,0.0,3.0,600.0,600.0,1.0,1.0,1.0,20848.9568,0.0,20848.9568
W6_P2,72.0,10,4.1202,6.04,24.96,31.0,20.0,20.0,1.5,1.0,14.6202,0.0,0.0,3.0,600.0,600.0,1.0,1.0,1.0,20635.44848,0.0,20635.44848
W6_P2,72.0,11,3.9,6.06,31.36,37.42,20.0,20.0,1.5,1.0,7.98,0.0,0.0,3.0,600.0,600.0,1.0,1.0,1.0,16078.352,0.0,16078.352
W6_P2,72.0,12,3.2598,6.528,35.84,42.368,20.0,20.0,1.5,1.0,2.3918,0.0,0.0,3.0,600.0,600.0,1.0,1.0,1.0,12202.18032,0.0,12202.18032
W6_P2,72.0,13,2.6898,5.768,37.12,42.888,20.0,20.0,1.5,1.0,1.3018,0.0,0.0,3.0,600.0,600.0,1.0,1.0,1.0,11367.16432,0.0,11367.16432
W6_P2,72.0,14,3.63,5.432,32.0,37.432,20.0,20.0,1.5,1.0,7.698,0.0,0.0,3.0,600.0,600.0,1.0,1.0,1.0,15834.6752,0.0,15834.6752
W6_P2,72.0,15,3.8202,5.368,25.6,30.968,20.0,20.0,1.5,1.0,14.3522,0.0,0.0,3.0,600.0,600.0,1.0,1.0,1.0,17597.72628,0.0,17597.72628
W6_P2,72.0,16,3.75,6.656,19.2,25.856,20.0,20.0,1.5,1.0,19.394,0.0,0.0,3.0,600.0,600.0,1.0,1.0,1.0,20085.3156,0.0,20085.3156
W6_P2,72.0,17,3.1398,8.408,9.6,18.008,20.0,20.0,1.5,1.0,26.6318,0.0,0.0,3.0,600.0,600.0,1.0,1.0,1.0,23592.35532,0.0,23592.35532
W6_P2,72.0,18,2.61,10.808,3.2,14.008,20.0,20.0,1.5,1.0,30.102,0.0,0.0,3.0,600.0,600.0,1.0,1.0,1.0,31162.0448,0.0,31162.0448
W6_P2,72.0,19,2.1198,9.604,0.0,9.604,20.0,20.0,1.5,1.0,34.0158,0.0,0.0,3.0,600.0,600.0,1.0,1.0,1.0,33737.87792,0.0,33737.87792
W6_P2,72.0,20,1.86,6.832,0.0,6.832,20.0,20.0,1.5,1.0,36.528,0.0,0.0,3.0,600.0,600.0,1.0,1.0,1.0,35337.8672,0.0,35337.8672
W6_P2,72.0,21,1.6302,8.384,0.0,8.384,20.0,20.0,1.5,1.0,34.7462,0.0,0.0,3.0,600.0,600.0,1.0,1.0,1.0,27365.44188,0.0,27365.44188
W6_P2,72.0,22,1.56,7.688,0.0,7.688,20.0,20.0,1.5,1.0,35.372,0.0,0.0,3.0,600.0,600.0,1.0,1.0,1.0,27641.1528,0.0,27641.1528
W6_P2,72.0,23,1.4802,9.672,0.0,9.672,20.0,20.0,1.5,1.0,33.3082,0.0,0.0,3.0,600.0,600.0,1.0,1.0,1.0,17858.52768,0.0,17858.52768
W6_P2,63.0,0,1.3698,9.448,0.0,9.448,20.0,20.0,1.5,1.0,33.4218,0.0,0.0,3.0,600.0,600.0,1.0,1.0,1.0,17863.82432,0.0,17863.82432
W6_P2,63.0,1,1.0998,10.504,0.0,10.504,20.0,20.0,1.5,1.0,32.0958,0.0,0.0,3.0,600.0,600.0,1.0,1.0,1.0,17568.20192,0.0,17568.20192
W6_P2,63.0,2,0.7998,11.788,0.0,11.788,20.0,20.0,1.5,1.0,30.5118,0.0,0.0,3.0,600.0,600.0,1.0,1.0,1.0,17218.44032,0.0,17218.44032
W6_P2,63.0,3,0.99,11.504,0.0,11.504,20.0,20.0,1.5,1.0,30.986,0.0,0.0,3.0,600.0,600.0,1.0,1.0,1.0,17338.2064,0.0,17338.2064
W6_P2,63.0,4,1.1802,11.16,0.0,11.16,20.0,20.0,1.5,1.0,31.5202,0.0,0.0,3.0,600.0,600.0,1.0,1.0,1.0,17469.51648,0.0,17469.51648
W6_P2,63.0,5,1.6302,10.964,0.0,10.964,20.0,20.0,1.5,1.0,32.1662,0.0,0.0,3.0,600.0,600.0,1.0,1.0,1.0,17661.30688,0.0,17661.30688
W6_P2,63.0,6,2.5002,10.744,0.0,10.744,20.0,20.0,1.5,1.0,33.2562,0.0,0.0,3.0,600.0,600.0,1.0,1.0,1.0,18001.52288,0.0,18001.52288
W6_P2,63.0,7,3.3702,10.34,3.2,13.54,20.0,20.0,1.5,1.0,31.3302,0.0,0.0,3.0,600.0,600.0,1.0,1.0,1.0,25967.96348,0.0,25967.96348
W6_P2,63.0,8,4.0098,9.672,10.88,20.552,20.0,20.0,1.5,1.0,24.9578,0.0,0.0,3.0,600.0,600.0,1.0,1.0,1.0,22918.76772,0.0,22918.76772
W6_P2,63.0,9,4.2,6.948,17.92,24.868,20.0,20.0,1.5,1.0,20.832,0.0,0.0,3.0,600.0,600.0,1.0,1.0,1.0,20848.9568,0.0,20848.9568
W6_P2,63.0,10,4.1202,6.04,24.96,31.0,13.993928,13.993928,1.049545,0.699696,2.1576,0.0,0.0,2.099089,419.817831,419.817831,0.699696,0.699696,0.699696,9133.039257,0.0,9133.039257
W6_P2,63.0,11,3.9,6.06,31.36,37.42,20.0,20.0,1.5,1.0,7.98,0.0,0.0,3.0,600.0,600.0,1.0,1.0,1.0,16078.352,0.0,16078.352
W6_P2,63.0,12,3.2598,6.528,35.84,42.368,18.847325,18.847325,1.413549,0.942366,0.0,0.0,0.0,2.827099,565.419759,565.419759,0.942366,0.942366,0.942366,9994.658424,0.0,9994.658424
W6_P2,63.0,13,2.6898,5.768,37.12,42.888,19.372627,19.372627,1.452947,0.968631,0.0,0.0,0.0,2.905894,581.178795,581.178795,0.968631,0.968631,0.968631,10165.66252,0.0,10165.66252
W6_P2,63.0,14,3.63,5.432,32.0,37.432,16.29012,16.29012,1.221759,0.814506,0.0,-0.0,0.0,2.443518,488.703614,488.703614,0.814506,0.814506,0.814506,8729.773639,-0.0,8729.773639
W6_P2,63.0,15,3.8202,5.368,25.6,30.968,20.0,20.0,1.5,1.0,14.3522,0.0,0.0,3.0,600.0,600.0,1.0,1.0,1.0,17597.72628,0.0,17597.72628
W6_P2,63.0,16,3.75,6.656,19.2,25.856,20.0,20.0,1.5,1.0,19.394,0.0,0.0,3.0,600.0,600.0,1.0,1.0,1.0,20085.3156,0.0,20085.3156
W6_P2,63.0,17,3.1398,8.408,9.6,18.008,20.0,20.0,1.5,1.0,26.6318,0.0,0.0,3.0,600.0,600.0,1.0,1.0,1.0,23592.35532,0.0,23592.35532
W6_P2,63.0,18,2.61,10.808,3.2,14.008,5.493012,5.493012,0.411976,0.274651,0.0,-0.0,0.0,0.823952,164.790361,164.790361,0.274651,0.274651,0.274651,3379.276964,-0.0,3379.276964
W6_P2,63.0,19,2.1198,9.604,0.0,9.604,3.606843,3.606843,0.270513,0.180342,0.0,-0.0,0.0,0.541027,108.205301,108.205301,0.180342,0.180342,0.180342,2342.85187,-0.0,2342.85187
W6_P2,63.0,20,1.86,6.832,0.0,6.832,2.396145,2.396145,0.179711,0.119807,0.0,-0.0,0.0,0.359422,71.884337,71.884337,0.119807,0.119807,0.119807,1624.195566,-0.0,1624.195566
W6_P2,63.0,21,1.6302,8.384,0.0,8.384,20.0,20.0,1.5,1.0,34.7462,0.0,0.0,3.0,600.0,600.0,1.0,1.0,1.0,27365.44188,0.0,27365.44188
W6_P2,63.0,22,1.56,7.688,0.0,7.688,20.0,20.0,1.5,1.0,35.372,0.0,0.0,3.0,600.0,600.0,1.0,1.0,1.0,27641.1528,0.0,27641.1528
W6_P2,63.0,23,1.4802,9.672,0.0,9.672,20.0,20.0,1.5,1.0,33.3082,0.0,0.0,3.0,600.0,600.0,1.0,1.0,1.0,17858.52768,0.0,17858.52768
W6_P2,54.0,0,1.3698,9.448,0.0,9.448,20.0,20.0,1.5,1.0,33.4218,0.0,0.0,3.0,600.0,600.0,1.0,1.0,1.0,17863.82432,0.0,17863.82432
W6_P2,54.0,1,1.0998,10.504,0.0,10.504,20.0,20.0,1.5,1.0,32.0958,0.0,0.0,3.0,600.0,600.0,1.0,1.0,1.0,17568.20192,0.0,17568.20192
W6_P2,54.0,2,0.7998,11.788,0.0,11.788,20.0,20.0,1.5,1.0,30.5118,0.0,0.0,3.0,600.0,600.0,1.0,1.0,1.0,17218.44032,0.0,17218.44032
W6_P2,54.0,3,0.99,11.504,0.0,11.504,20.0,20.0,1.5,1.0,30.986,0.0,0.0,3.0,600.0,600.0,1.0,1.0,1.0,17338.2064,0.0,17338.2064
W6_P2,54.0,4,1.1802,11.16,0.0,11.16,20.0,20.0,1.5,1.0,31.5202,0.0,0.0,3.0,600.0,600.0,1.0,1.0,1.0,17469.51648,0.0,17469.51648
W6_P2,54.0,5,1.6302,10.964,0.0,10.964,20.0,20.0,1.5,1.0,32.1662,0.0,0.0,3.0,600.0,600.0,1.0,1.0,1.0,17661.30688,0.0,17661.30688
W6_P2,54.0,6,2.5002,10.744,0.0,10.744,20.0,20.0,1.5,1.0,33.2562,0.0,0.0,3.0,600.0,600.0,1.0,1.0,1.0,18001.52288,0.0,18001.52288
W6_P2,54.0,7,3.3702,10.34,3.2,13.54,4.901108,4.901108,0.367583,0.245055,0.0,-0.0,0.0,0.735166,147.033253,147.033253,0.245055,0.245055,0.245055,3161.012275,-0.0,3161.012275
W6_P2,54.0,8,4.0098,9.672,10.88,20.552,7.972145,7.972145,0.597911,0.398607,0.0,-0.0,0.0,1.195822,239.164337,239.164337,0.398607,0.398607,0.398607,4750.631966,-0.0,4750.631966
W6_P2,54.0,9,4.2,6.948,17.92,24.868,18.104,18.104,1.3578,0.9052,16.8978,0.0,0.0,2.7156,543.12,543.12,0.9052,0.9052,0.9052,17985.03932,0.0,17985.03932
W6_P2,54.0,10,4.1202,6.04,24.96,31.0,12.95412,12.95412,0.971559,0.647706,0.0,-0.0,0.0,1.943118,388.623614,388.623614,0.647706,0.647706,0.647706,7141.673239,-0.0,7141.673239
W6_P2,54.0,11,3.9,6.06,31.36,37.42,16.154217,16.154217,1.211566,0.807711,0.0,-0.0,0.0,2.423133,484.626506,484.626506,0.807711,0.807711,0.807711,8713.177349,-0.0,8713.177349
W6_P2,54.0,12,3.2598,6.528,35.84,42.368,18.847325,18.847325,1.413549,0.942366,0.0,-0.0,0.0,2.827099,565.419759,565.419759,0.942366,0.942366,0.942366,9994.658424,-0.0,9994.658424
W6_P2,54.0,13,2.6898,5.768,37.12,42.888,19.372627,19.372627,1.452947,0.968631,0.0,0.0,0.0,2.905894,581.178795,581.178795,0.968631,0.968631,0.968631,10165.66252,0.0,10165.66252
W6_P2,54.0,14,3.63,5.432,32.0,37.432,16.29012,16.29012,1.221759,0.814506,0.0,-0.0,0.0,2.443518,488.703614,488.703614,0.814506,0.814506,0.814506,8729.773639,-0.0,8729.773639
W6_P2,54.0,15,3.8202,5.368,25.6,30.968,20.0,20.0,1.5,1.0,14.3522,0.0,0.0,3.0,600.0,600.0,1.0,1.0,1.0,17597.72628,0.0,17597.72628
W6_P2,54.0,16,3.75,6.656,19.2,25.856,10.653494,10.653494,0.799012,0.532675,0.0,-0.0,0.0,1.598024,319.604819,319.604819,0.532675,0.532675,0.532675,5967.371518,-0.0,5967.371518
W6_P2,54.0,17,3.1398,8.408,9.6,18.008,20.0,20.0,1.5,1.0,26.6318,0.0,0.0,3.0,600.0,600.0,1.0,1.0,1.0,23592.35532,0.0,23592.35532
W6_P2,54.0,18,2.61,10.808,3.2,14.008,5.493012,5.493012,0.411976,0.274651,0.0,-0.0,0.0,0.823952,164.790361,164.790361,0.274651,0.274651,0.274651,3379.276964,-0.0,3379.276964
W6_P2,54.0,19,2.1198,9.604,0.0,9.604,3.606843,3.606843,0.270513,0.180342,0.0,-0.0,0.0,0.541027,108.205301,108.205301,0.180342,0.180342,0.180342,2342.85187,-0.0,2342.85187
W6_P2,54.0,20,1.86,6.832,0.0,6.832,2.396145,2.396145,0.179711,0.119807,0.0,-0.0,0.0,0.359422,71.884337,71.884337,0.119807,0.119807,0.119807,1624.195566,-0.0,1624.195566
W6_P2,54.0,21,1.6302,8.384,0.0,8.384,3.254843,3.254843,0.244113,0.162742,0.0,-0.0,0.0,0.488227,97.645301,97.645301,0.162742,0.162742,0.162742,2071.79907,-0.0,2071.79907
W6_P2,54.0,22,1.56,7.688,0.0,7.688,20.0,20.0,1.5,1.0,35.372,0.0,0.0,3.0,600.0,600.0,1.0,1.0,1.0,27641.1528,0.0,27641.1528
W6_P2,54.0,23,1.4802,9.672,0.0,9.672,20.0,20.0,1.5,1.0,33.3082,0.0,0.0,3.0,600.0,600.0,1.0,1.0,1.0,17858.52768,0.0,17858.52768
W6_P2,45.0,0,1.3698,9.448,0.0,9.448,20.0,20.0,1.5,1.0,33.4218,0.0,0.0,3.0,600.0,600.0,1.0,1.0,1.0,17863.82432,0.0,17863.82432
W6_P2,45.0,1,1.0998,10.504,0.0,10.504,20.0,20.0,1.5,1.0,32.0958,0.0,0.0,3.0,600.0,600.0,1.0,1.0,1.0,17568.20192,0.0,17568.20192
W6_P2,45.0,2,0.7998,11.788,0.0,11.788,20.0,20.0,1.5,1.0,30.5118,0.0,0.0,3.0,600.0,600.0,1.0,1.0,1.0,17218.44032,0.0,17218.44032
W6_P2,45.0,3,0.99,11.504,0.0,11.504,20.0,20.0,1.5,1.0,30.986,0.0,0.0,3.0,600.0,600.0,1.0,1.0,1.0,17338.2064,0.0,17338.2064
W6_P2,45.0,4,1.1802,11.16,0.0,11.16,20.0,20.0,1.5,1.0,31.5202,0.0,0.0,3.0,600.0,600.0,1.0,1.0,1.0,17469.51648,0.0,17469.51648
W6_P2,45.0,5,1.6302,10.964,0.0,10.964,20.0,20.0,1.5,1.0,32.1662,0.0,0.0,3.0,600.0,600.0,1.0,1.0,1.0,17661.30688,0.0,17661.30688
W6_P2,45.0,6,2.5002,10.744,0.0,10.744,20.0,20.0,1.5,1.0,33.2562,0.0,0.0,3.0,600.0,600.0,1.0,1.0,1.0,18001.52288,0.0,18001.52288
W6_P2,45.0,7,3.3702,10.34,3.2,13.54,4.901108,4.901108,0.367583,0.245055,0.0,0.0,0.0,0.735166,147.033253,147.033253,0.245055,0.245055,0.245055,3161.012275,0.0,3161.012275
W6_P2,45.0,8,4.0098,9.672,10.88,20.552,7.972145,7.972145,0.597911,0.398607,0.0,0.0,0.0,1.195822,239.164337,239.164337,0.398607,0.398607,0.398607,4750.631966,0.0,4750.631966
W6_P2,45.0,9,4.2,6.948,17.92,24.868,9.960482,9.960482,0.747036,0.498024,0.0,0.0,0.0,1.494072,298.814458,298.814458,0.498024,0.498024,0.498024,5684.214554,0.0,5684.214554
W6_P2,45.0,10,4.1202,6.04,24.96,31.0,2.0,2.0,0.15,0.1,0.0,22.7298,0.0,0.3,60.0,60.0,0.1,0.1,0.1,4401.5,8589.59142,-4188.09142
W6_P2,45.0,11,3.9,6.06,31.36,37.42,16.154217,16.154217,1.211566,0.807711,0.0,0.0,0.0,2.423133,484.626506,484.626506,0.807711,0.807711,0.807711,8713.177349,0.0,8713.177349
W6_P2,45.0,12,3.2598,6.528,35.84,42.368,18.847325,18.847325,1.413549,0.942366,0.0,0.0,0.0,2.827099,565.419759,565.419759,0.942366,0.942366,0.942366,9994.658424,0.0,9994.658424
W6_P2,45.0,13,2.6898,5.768,37.12,42.888,19.372627,19.372627,1.452947,0.968631,0.0,0.0,0.0,2.905894,581.178795,581.178795,0.968631,0.968631,0.968631,10165.66252,0.0,10165.66252
W6_P2,45.0,14,3.63,5.432,32.0,37.432,16.29012,16.29012,1.221759,0.814506,0.0,0.0,0.0,2.443518,488.703614,488.703614,0.814506,0.814506,0.814506,8729.773639,0.0,8729.773639
W6_P2,45.0,15,3.8202,5.368,25.6,30.968,13.083277,13.083277,0.981246,0.654164,0.0,0.0,0.0,1.962492,392.498313,392.498313,0.654164,0.654164,0.654164,7149.981769,0.0,7149.981769
W6_P2,45.0,16,3.75,6.656,19.2,25.856,10.653494,10.653494,0.799012,0.532675,0.0,0.0,0.0,1.598024,319.604819,319.604819,0.532675,0.532675,0.532675,5967.371518,0.0,5967.371518
W6_P2,45.0,17,3.1398,8.408,9.6,18.008,7.165398,7.165398,0.537405,0.35827,0.0,0.0,0.0,1.07481,214.961928,214.961928,0.35827,0.35827,0.35827,4205.624207,0.0,4205.624207
W6_P2,45.0,18,2.61,10.808,3.2,14.008,2.995566,2.995566,0.224667,0.149778,0.0,5.1822,0.0,0.449335,89.866988,89.866988,0.149778,0.149778,0.149778,2754.540901,1958.35338,796.187521
W6_P2,45.0,19,2.1198,9.604,0.0,9.604,2.0,2.0,0.15,0.1,0.0,3.3342,0.0,0.3,60.0,60.0,0.1,0.1,0.1,1940.9,1259.99418,680.90582
W6_P2,45.0,20,1.86,6.832,0.0,6.832,2.396145,2.396145,0.179711,0.119807,0.0,0.0,0.0,0.359422,71.884337,71.884337,0.119807,0.119807,0.119807,1624.195566,0.0,1624.195566
W6_P2,45.0,21,1.6302,8.384,0.0,8.384,3.254843,3.254843,0.244113,0.162742,0.0,0.0,0.0,0.488227,97.645301,97.645301,0.162742,0.162742,0.162742,2071.79907,0.0,2071.79907
W6_P2,45.0,22,1.56,7.688,0.0,7.688,2.953253,2.953253,0.221494,0.147663,0.0,0.0,0.0,0.442988,88.59759,88.59759,0.147663,0.147663,0.147663,1891.956241,0.0,1891.956241
W6_P2,45.0,23,1.4802,9.672,0.0,9.672,20.0,20.0,1.5,1.0,33.3082,0.0,0.0,3.0,600.0,600.0,1.0,1.0,1.0,17858.52768,0.0,17858.52768
W6_P2,36.0,0,1.3698,9.448,0.0,9.448,20.0,20.0,1.5,1.0,33.4218,-0.0,0.0,3.0,600.0,600.0,1.0,1.0,1.0,17863.82432,-0.0,17863.82432
W6_P2,36.0,1,1.0998,10.504,0.0,10.504,20.0,20.0,1.5,1.0,32.0958,0.0,0.0,3.0,600.0,600.0,1.0,1.0,1.0,17568.20192,0.0,17568.20192
W6_P2,36.0,2,0.7998,11.788,0.0,11.788,20.0,20.0,1.5,1.0,30.5118,0.0,0.0,3.0,600.0,600.0,1.0,1.0,1.0,17218.44032,0.0,17218.44032
W6_P2,36.0,3,0.99,11.504,0.0,11.504,20.0,20.0,1.5,1.0,30.986,0.0,0.0,3.0,600.0,600.0,1.0,1.0,1.0,17338.2064,0.0,17338.2064
W6_P2,36.0,4,1.1802,11.16,0.0,11.16,20.0,20.0,1.5,1.0,31.5202,-0.0,0.0,3.0,600.0,600.0,1.0,1.0,1.0,17469.51648,-0.0,17469.51648
W6_P2,36.0,5,1.6302,10.964,0.0,10.964,20.0,20.0,1.5,1.0,32.1662,-0.0,0.0,3.0,600.0,600.0,1.0,1.0,1.0,17661.30688,-0.0,17661.30688
W6_P2,36.0,6,2.5002,10.744,0.0,10.744,20.0,20.0,1.5,1.0,33.2562,0.0,0.0,3.0,600.0,600.0,1.0,1.0,1.0,18001.52288,0.0,18001.52288
W6_P2,36.0,7,3.3702,10.34,3.2,13.54,2.457639,2.457639,0.184323,0.122882,0.0,5.0702,0.0,0.368646,73.729157,73.729157,0.122882,0.122882,0.122882,2549.778284,1916.02858,633.749704
W6_P2,36.0,8,4.0098,9.672,10.88,20.552,7.972145,7.972145,0.597911,0.398607,0.0,0.0,0.0,1.195822,239.164337,239.164337,0.398607,0.398607,0.398607,4750.631966,0.0,4750.631966
W6_P2,36.0,9,4.2,6.948,17.92,24.868,9.960482,9.960482,0.747036,0.498024,0.0,0.0,0.0,1.494072,298.814458,298.814458,0.498024,0.498024,0.498024,5684.214554,0.0,5684.214554
W6_P2,36.0,10,4.1202,6.04,24.96,31.0,2.0,2.0,0.15,0.1,0.0,22.7298,0.0,0.3,60.0,60.0,0.1,0.1,0.1,4401.5,8589.59142,-4188.09142
W6_P2,36.0,11,3.9,6.06,31.36,37.42,16.154217,16.154217,1.211566,0.807711,0.0,0.0,0.0,2.423133,484.626506,484.626506,0.807711,0.807711,0.807711,8713.177349,0.0,8713.177349
W6_P2,36.0,12,3.2598,6.528,35.84,42.368,2.0,2.0,0.15,0.1,0.0,34.9582,0.0,0.3,60.0,60.0,0.1,0.1,0.1,5780.3,13210.70378,-7430.40378
W6_P2,36.0,13,2.6898,5.768,37.12,42.888,2.0,2.0,0.15,0.1,0.0,36.0482,0.0,0.3,60.0,60.0,0.1,0.1,0.1,5819.9,13622.61478,-7802.71478
W6_P2,36.0,14,3.63,5.432,32.0,37.432,16.29012,16.29012,1.221759,0.814506,0.0,0.0,0.0,2.443518,488.703614,488.703614,0.814506,0.814506,0.814506,8729.773639,0.0,8729.773639
W6_P2,36.0,15,3.8202,5.368,25.6,30.968,2.0,2.0,0.15,0.1,0.0,22.9978,0.0,0.3,60.0,60.0,0.1,0.1,0.1,4377.5,8690.86862,-4313.36862
W6_P2,36.0,16,3.75,6.656,19.2,25.856,2.0,2.0,0.15,0.1,0.0,17.956,0.0,0.3,60.0,60.0,0.1,0.1,0.1,3802.7,6785.5724,-2982.8724
W6_P2,36.0,17,3.1398,8.408,9.6,18.008,7.165398,7.165398,0.537405,0.35827,0.0,0.0,0.0,1.07481,214.961928,214.961928,0.35827,0.35827,0.35827,4205.624207,0.0,4205.624207
W6_P2,36.0,18,2.61,10.808,3.2,14.008,2.0,2.0,0.15,0.1,0.0,7.248,0.0,0.3,60.0,60.0,0.1,0.1,0.1,2505.5,2739.0192,-233.5192
W6_P2,36.0,19,2.1198,9.604,0.0,9.604,2.0,2.0,0.15,0.1,0.0,3.3342,0.0,0.3,60.0,60.0,0.1,0.1,0.1,1940.9,1259.99418,680.90582
W6_P2,36.0,20,1.86,6.832,0.0,6.832,2.0,2.0,0.15,0.1,0.0,0.822,0.0,0.3,60.0,60.0,0.1,0.1,0.1,1525.1,310.6338,1214.4662
W6_P2,36.0,21,1.6302,8.384,0.0,8.384,2.0,2.0,0.15,0.1,0.0,2.6038,0.0,0.3,60.0,60.0,0.1,0.1,0.1,1757.9,983.97602,773.92398
W6_P2,36.0,22,1.56,7.688,0.0,7.688,2.0,2.0,0.15,0.1,0.0,1.978,0.0,0.3,60.0,60.0,0.1,0.1,0.1,1653.5,747.4862,906.0138
W6_P2,36.0,23,1.4802,9.672,0.0,9.672,20.0,20.0,1.5,1.0,33.3082,-0.0,0.0,3.0,600.0,600.0,1.0,1.0,1.0,17858.52768,-0.0,17858.52768
W6_P3,72.0,0,1.3698,9.448,0.0,9.448,20.0,20.0,1.5,1.0,33.4218,0.0,0.0,3.0,600.0,600.0,1.0,1.0,1.0,17863.82432,0.0,17863.82432
W6_P3,72.0,1,1.0998,10.504,0.0,10.504,20.0,20.0,1.5,1.0,32.0958,0.0,0.0,3.0,600.0,600.0,1.0,1.0,1.0,17568.20192,0.0,17568.20192
W6_P3,72.0,2,0.7998,11.788,0.0,11.788,20.0,20.0,1.5,1.0,30.5118,0.0,0.0,3.0,600.0,600.0,1.0,1.0,1.0,17218.44032,0.0,17218.44032
W6_P3,72.0,3,0.99,11.504,0.0,11.504,20.0,20.0,1.5,1.0,30.986,0.0,0.0,3.0,600.0,600.0,1.0,1.0,1.0,17338.2064,0.0,17338.2064
W6_P3,72.0,4,1.1802,11.16,0.0,11.16,20.0,20.0,1.5,1.0,31.5202,0.0,0.0,3.0,600.0,600.0,1.0,1.0,1.0,17469.51648,0.0,17469.51648
W6_P3,72.0,5,1.6302,10.964,0.0,10.964,20.0,20.0,1.5,1.0,32.1662,0.0,0.0,3.0,600.0,600.0,1.0,1.0,1.0,17661.30688,0.0,17661.30688
W6_P3,72.0,6,2.5002,10.744,0.0,10.744,20.0,20.0,1.5,1.0,33.2562,0.0,0.0,3.0,600.0,600.0,1.0,1.0,1.0,18001.52288,0.0,18001.52288
W6_P3,72.0,7,3.3702,10.34,1.28,11.62,20.0,20.0,1.5,1.0,33.2502,0.0,0.0,3.0,600.0,600.0,1.0,1.0,1.0,26903.77148,0.0,26903.77148
W6_P3,72.0,8,4.0098,9.672,3.2,12.872,20.0,20.0,1.5,1.0,32.6378,0.0,0.0,3.0,600.0,600.0,1.0,1.0,1.0,26661.99972,0.0,26661.99972
W6_P3,72.0,9,4.2,6.948,5.12,12.068,20.0,20.0,1.5,1.0,33.632,0.0,0.0,3.0,600.0,600.0,1.0,1.0,1.0,27087.6768,0.0,27087.6768
W6_P3,72.0,10,4.1202,6.04,7.68,13.72,20.0,20.0,1.5,1.0,31.9002,0.0,0.0,3.0,600.0,600.0,1.0,1.0,1.0,32427.32048,0.0,32427.32048
W6_P3,72.0,11,3.9,6.06,11.52,17.58,20.0,20.0,1.5,1.0,27.82,0.0,0.0,3.0,600.0,600.0,1.0,1.0,1.0,29617.168,0.0,29617.168
W6_P3,72.0,12,3.2598,6.528,14.08,20.608,20.0,20.0,1.5,1.0,24.1518,0.0,0.0,3.0,600.0,600.0,1.0,1.0,1.0,27051.20432,0.0,27051.20432
W6_P3,72.0,13,2.6898,5.768,14.08,19.848,20.0,20.0,1.5,1.0,24.3418,0.0,0.0,3.0,600.0,600.0,1.0,1.0,1.0,27089.66032,0.0,27089.66032
W6_P3,72.0,14,3.63,5.432,11.52,16.952,20.0,20.0,1.5,1.0,28.178,0.0,0.0,3.0,600.0,600.0,1.0,1.0,1.0,29810.2272,0.0,29810.2272
W6_P3,72.0,15,3.8202,5.368,7.04,12.408,20.0,20.0,1.5,1.0,32.9122,0.0,0.0,3.0,600.0,600.0,1.0,1.0,1.0,26643.87028,0.0,26643.87028
W6_P3,72.0,16,3.75,6.656,5.12,11.776,20.0,20.0,1.5,1.0,33.474,0.0,0.0,3.0,600.0,600.0,1.0,1.0,1.0,26947.9076,0.0,26947.9076
W6_P3,72.0,17,3.1398,8.408,3.2,11.608,20.0,20.0,1.5,1.0,33.0318,0.0,0.0,3.0,600.0,600.0,1.0,1.0,1.0,26711.71532,0.0,26711.71532
W6_P3,72.0,18,2.61,10.808,1.28,12.088,20.0,20.0,1.5,1.0,32.022,0.0,0.0,3.0,600.0,600.0,1.0,1.0,1.0,32472.2528,0.0,32472.2528
W6_P3,72.0,19,2.1198,9.604,0.0,9.604,20.0,20.0,1.5,1.0,34.0158,0.0,0.0,3.0,600.0,600.0,1.0,1.0,1.0,33737.87792,0.0,33737.87792
W6_P3,72.0,20,1.86,6.832,0.0,6.832,20.0,20.0,1.5,1.0,36.528,0.0,0.0,3.0,600.0,600.0,1.0,1.0,1.0,35337.8672,0.0,35337.8672
W6_P3,72.0,21,1.6302,8.384,0.0,8.384,20.0,20.0,1.5,1.0,34.7462,0.0,0.0,3.0,600.0,600.0,1.0,1.0,1.0,27365.44188,0.0,27365.44188
W6_P3,72.0,22,1.56,7.688,0.0,7.688,20.0,20.0,1.5,1.0,35.372,0.0,0.0,3.0,600.0,600.0,1.0,1.0,1.0,27641.1528,0.0,27641.1528
W6_P3,72.0,23,1.4802,9.672,0.0,9.672,20.0,20.0,1.5,1.0,33.3082,0.0,0.0,3.0,600.0,600.0,1.0,1.0,1.0,17858.52768,0.0,17858.52768
W6_P3,63.0,0,1.3698,9.448,0.0,9.448,20.0,20.0,1.5,1.0,33.4218,0.0,0.0,3.0,600.0,600.0,1.0,1.0,1.0,17863.82432,0.0,17863.82432
W6_P3,63.0,1,1.0998,10.504,0.0,10.504,20.0,20.0,1.5,1.0,32.0958,0.0,0.0,3.0,600.0,600.0,1.0,1.0,1.0,17568.20192,0.0,17568.20192
W6_P3,63.0,2,0.7998,11.788,0.0,11.788,20.0,20.0,1.5,1.0,30.5118,0.0,0.0,3.0,600.0,600.0,1.0,1.0,1.0,17218.44032,0.0,17218.44032
W6_P3,63.0,3,0.99,11.504,0.0,11.504,20.0,20.0,1.5,1.0,30.986,0.0,0.0,3.0,600.0,600.0,1.0,1.0,1.0,17338.2064,0.0,17338.2064
W6_P3,63.0,4,1.1802,11.16,0.0,11.16,20.0,20.0,1.5,1.0,31.5202,0.0,0.0,3.0,600.0,600.0,1.0,1.0,1.0,17469.51648,0.0,17469.51648
W6_P3,63.0,5,1.6302,10.964,0.0,10.964,20.0,20.0,1.5,1.0,32.1662,0.0,0.0,3.0,600.0,600.0,1.0,1.0,1.0,17661.30688,0.0,17661.30688
W6_P3,63.0,6,2.5002,10.744,0.0,10.744,20.0,20.0,1.5,1.0,33.2562,0.0,0.0,3.0,600.0,600.0,1.0,1.0,1.0,18001.52288,0.0,18001.52288
W6_P3,63.0,7,3.3702,10.34,1.28,11.62,20.0,20.0,1.5,1.0,33.2502,0.0,0.0,3.0,600.0,600.0,1.0,1.0,1.0,26903.77148,0.0,26903.77148
W6_P3,63.0,8,4.0098,9.672,3.2,12.872,20.0,20.0,1.5,1.0,32.6378,0.0,0.0,3.0,600.0,600.0,1.0,1.0,1.0,26661.99972,0.0,26661.99972
W6_P3,63.0,9,4.2,6.948,5.12,12.068,20.0,20.0,1.5,1.0,33.632,0.0,0.0,3.0,600.0,600.0,1.0,1.0,1.0,27087.6768,0.0,27087.6768
W6_P3,63.0,10,4.1202,6.04,7.68,13.72,15.195855,15.195855,1.139689,0.759793,21.9316,0.0,0.0,2.279378,455.875663,455.875663,0.759793,0.759793,0.759793,23226.759074,0.0,23226.759074
W6_P3,63.0,11,3.9,6.06,11.52,17.58,20.0,20.0,1.5,1.0,27.82,0.0,0.0,3.0,600.0,600.0,1.0,1.0,1.0,29617.168,0.0,29617.168
W6_P3,63.0,12,3.2598,6.528,14.08,20.608,8.360578,8.360578,0.627043,0.418029,0.0,-0.0,0.0,1.254087,250.817349,250.817349,0.418029,0.418029,0.418029,4760.198665,-0.0,4760.198665
W6_P3,63.0,13,2.6898,5.768,14.08,19.848,8.269012,8.269012,0.620176,0.413451,0.0,-0.0,0.0,1.240352,248.070361,248.070361,0.413451,0.413451,0.413451,4623.293364,-0.0,4623.293364
W6_P3,63.0,14,3.63,5.432,11.52,16.952,20.0,20.0,1.5,1.0,28.178,0.0,0.0,3.0,600.0,600.0,1.0,1.0,1.0,29810.2272,0.0,29810.2272
W6_P3,63.0,15,3.8202,5.368,7.04,12.408,20.0,20.0,1.5,1.0,32.9122,0.0,0.0,3.0,600.0,600.0,1.0,1.0,1.0,26643.87028,0.0,26643.87028
W6_P3,63.0,16,3.75,6.656,5.12,11.776,20.0,20.0,1.5,1.0,33.474,0.0,0.0,3.0,600.0,600.0,1.0,1.0,1.0,26947.9076,0.0,26947.9076
W6_P3,63.0,17,3.1398,8.408,3.2,11.608,20.0,20.0,1.5,1.0,33.0318,0.0,0.0,3.0,600.0,600.0,1.0,1.0,1.0,26711.71532,0.0,26711.71532
W6_P3,63.0,18,2.61,10.808,1.28,12.088,4.567711,4.567711,0.342578,0.228386,0.0,-0.0,0.0,0.685157,137.031325,137.031325,0.228386,0.228386,0.228386,2917.412867,-0.0,2917.412867
W6_P3,63.0,19,2.1198,9.604,0.0,9.604,3.606843,3.606843,0.270513,0.180342,0.0,-0.0,0.0,0.541027,108.205301,108.205301,0.180342,0.180342,0.180342,2342.85187,-0.0,2342.85187
W6_P3,63.0,20,1.86,6.832,0.0,6.832,20.0,20.0,1.5,1.0,36.528,0.0,0.0,3.0,600.0,600.0,1.0,1.0,1.0,35337.8672,0.0,35337.8672
W6_P3,63.0,21,1.6302,8.384,0.0,8.384,20.0,20.0,1.5,1.0,34.7462,0.0,0.0,3.0,600.0,600.0,1.0,1.0,1.0,27365.44188,0.0,27365.44188
W6_P3,63.0,22,1.56,7.688,0.0,7.688,20.0,20.0,1.5,1.0,35.372,0.0,0.0,3.0,600.0,600.0,1.0,1.0,1.0,27641.1528,0.0,27641.1528
W6_P3,63.0,23,1.4802,9.672,0.0,9.672,20.0,20.0,1.5,1.0,33.3082,0.0,0.0,3.0,600.0,600.0,1.0,1.0,1.0,17858.52768,0.0,17858.52768
W6_P3,54.0,0,1.3698,9.448,0.0,9.448,20.0,20.0,1.5,1.0,33.4218,0.0,0.0,3.0,600.0,600.0,1.0,1.0,1.0,17863.82432,0.0,17863.82432
W6_P3,54.0,1,1.0998,10.504,0.0,10.504,20.0,20.0,1.5,1.0,32.0958,0.0,0.0,3.0,600.0,600.0,1.0,1.0,1.0,17568.20192,0.0,17568.20192
W6_P3,54.0,2,0.7998,11.788,0.0,11.788,20.0,20.0,1.5,1.0,30.5118,0.0,0.0,3.0,600.0,600.0,1.0,1.0,1.0,17218.44032,0.0,17218.44032
W6_P3,54.0,3,0.99,11.504,0.0,11.504,20.0,20.0,1.5,1.0,30.986,0.0,0.0,3.0,600.0,600.0,1.0,1.0,1.0,17338.2064,0.0,17338.2064
W6_P3,54.0,4,1.1802,11.16,0.0,11.16,20.0,20.0,1.5,1.0,31.5202,0.0,0.0,3.0,600.0,600.0,1.0,1.0,1.0,17469.51648,0.0,17469.51648
W6_P3,54.0,5,1.6302,10.964,0.0,10.964,20.0,20.0,1.5,1.0,32.1662,0.0,0.0,3.0,600.0,600.0,1.0,1.0,1.0,17661.30688,0.0,17661.30688
W6_P3,54.0,6,2.5002,10.744,0.0,10.744,20.0,20.0,1.5,1.0,33.2562,0.0,0.0,3.0,600.0,600.0,1.0,1.0,1.0,18001.52288,0.0,18001.52288
W6_P3,54.0,7,3.3702,10.34,1.28,11.62,15.160289,15.160289,1.137022,0.758014,23.2078,0.0,0.0,2.274043,454.808675,454.808675,0.758014,0.758014,0.758014,19593.364053,0.0,19593.364053
W6_P3,54.0,8,4.0098,9.672,3.2,12.872,20.0,20.0,1.5,1.0,32.6378,0.0,0.0,3.0,600.0,600.0,1.0,1.0,1.0,26661.99972,0.0,26661.99972
W6_P3,54.0,9,4.2,6.948,5.12,12.068,20.0,20.0,1.5,1.0,33.632,0.0,0.0,3.0,600.0,600.0,1.0,1.0,1.0,27087.6768,0.0,27087.6768
W6_P3,54.0,10,4.1202,6.04,7.68,13.72,4.62641,4.62641,0.346981,0.23132,0.0,0.0,0.0,0.693961,138.792289,138.792289,0.23132,0.23132,0.23132,2984.896371,0.0,2984.896371
W6_P3,54.0,11,3.9,6.06,11.52,17.58,6.592771,6.592771,0.494458,0.329639,0.0,0.0,0.0,0.988916,197.783133,197.783133,0.329639,0.329639,0.329639,3940.581687,0.0,3940.581687
W6_P3,54.0,12,3.2598,6.528,14.08,20.608,8.360578,8.360578,0.627043,0.418029,0.0,0.0,0.0,1.254087,250.817349,250.817349,0.418029,0.418029,0.418029,4760.198665,0.0,4760.198665
W6_P3,54.0,13,2.6898,5.768,14.08,19.848,8.269012,8.269012,0.620176,0.413451,0.0,0.0,0.0,1.240352,248.070361,248.070361,0.413451,0.413451,0.413451,4623.293364,0.0,4623.293364
W6_P3,54.0,14,3.63,5.432,11.52,16.952,6.420241,6.420241,0.481518,0.321012,0.0,0.0,0.0,0.963036,192.607229,192.607229,0.321012,0.321012,0.321012,3803.223277,0.0,3803.223277
W6_P3,54.0,15,3.8202,5.368,7.04,12.408,20.0,20.0,1.5,1.0,32.9122,0.0,0.0,3.0,600.0,600.0,1.0,1.0,1.0,26643.87028,0.0,26643.87028
W6_P3,54.0,16,3.75,6.656,5.12,11.776,20.0,20.0,1.5,1.0,33.474,0.0,0.0,3.0,600.0,600.0,1.0,1.0,1.0,26947.9076,0.0,26947.9076
W6_P3,54.0,17,3.1398,8.408,3.2,11.608,20.0,20.0,1.5,1.0,33.0318,0.0,0.0,3.0,600.0,600.0,1.0,1.0,1.0,26711.71532,0.0,26711.71532
W6_P3,54.0,18,2.61,10.808,1.28,12.088,4.567711,4.567711,0.342578,0.228386,0.0,0.0,0.0,0.685157,137.031325,137.031325,0.228386,0.228386,0.228386,2917.412867,0.0,2917.412867
W6_P3,54.0,19,2.1198,9.604,0.0,9.604,3.606843,3.606843,0.270513,0.180342,0.0,0.0,0.0,0.541027,108.205301,108.205301,0.180342,0.180342,0.180342,2342.85187,0.0,2342.85187
W6_P3,54.0,20,1.86,6.832,0.0,6.832,2.396145,2.396145,0.179711,0.119807,0.0,0.0,0.0,0.359422,71.884337,71.884337,0.119807,0.119807,0.119807,1624.195566,0.0,1624.195566
W6_P3,54.0,21,1.6302,8.384,0.0,8.384,20.0,20.0,1.5,1.0,34.7462,0.0,0.0,3.0,600.0,600.0,1.0,1.0,1.0,27365.44188,0.0,27365.44188
W6_P3,54.0,22,1.56,7.688,0.0,7.688,20.0,20.0,1.5,1.0,35.372,0.0,0.0,3.0,600.0,600.0,1.0,1.0,1.0,27641.1528,0.0,27641.1528
W6_P3,54.0,23,1.4802,9.672,0.0,9.672,20.0,20.0,1.5,1.0,33.3082,0.0,0.0,3.0,600.0,600.0,1.0,1.0,1.0,17858.52768,0.0,17858.52768
W6_P3,45.0,0,1.3698,9.448,0.0,9.448,20.0,20.0,1.5,1.0,33.4218,0.0,0.0,3.0,600.0,600.0,1.0,1.0,1.0,17863.82432,0.0,17863.82432
W6_P3,45.0,1,1.0998,10.504,0.0,10.504,20.0,20.0,1.5,1.0,32.0958,0.0,0.0,3.0,600.0,600.0,1.0,1.0,1.0,17568.20192,0.0,17568.20192
W6_P3,45.0,2,0.7998,11.788,0.0,11.788,20.0,20.0,1.5,1.0,30.5118,0.0,0.0,3.0,600.0,600.0,1.0,1.0,1.0,17218.44032,0.0,17218.44032
W6_P3,45.0,3,0.99,11.504,0.0,11.504,20.0,20.0,1.5,1.0,30.986,0.0,0.0,3.0,600.0,600.0,1.0,1.0,1.0,17338.2064,0.0,17338.2064
W6_P3,45.0,4,1.1802,11.16,0.0,11.16,20.0,20.0,1.5,1.0,31.5202,0.0,0.0,3.0,600.0,600.0,1.0,1.0,1.0,17469.51648,0.0,17469.51648
W6_P3,45.0,5,1.6302,10.964,0.0,10.964,20.0,20.0,1.5,1.0,32.1662,0.0,0.0,3.0,600.0,600.0,1.0,1.0,1.0,17661.30688,0.0,17661.30688
W6_P3,45.0,6,2.5002,10.744,0.0,10.744,20.0,20.0,1.5,1.0,33.2562,0.0,0.0,3.0,600.0,600.0,1.0,1.0,1.0,18001.52288,0.0,18001.52288
W6_P3,45.0,7,3.3702,10.34,1.28,11.62,3.975807,3.975807,0.298186,0.19879,0.0,-0.0,0.0,0.596371,119.274217,119.274217,0.19879,0.19879,0.19879,2699.148178,-0.0,2699.148178
W6_P3,45.0,8,4.0098,9.672,3.2,12.872,19.922988,19.922988,1.494224,0.996149,32.478,0.0,0.0,2.988448,597.689639,597.689639,0.996149,0.996149,0.996149,26545.672636,0.0,26545.672636
W6_P3,45.0,9,4.2,6.948,5.12,12.068,20.0,20.0,1.5,1.0,33.632,0.0,0.0,3.0,600.0,600.0,1.0,1.0,1.0,27087.6768,0.0,27087.6768
W6_P3,45.0,10,4.1202,6.04,7.68,13.72,4.62641,4.62641,0.346981,0.23132,0.0,-0.0,0.0,0.693961,138.792289,138.792289,0.23132,0.23132,0.23132,2984.896371,-0.0,2984.896371
W6_P3,45.0,11,3.9,6.06,11.52,17.58,6.592771,6.592771,0.494458,0.329639,0.0,-0.0,0.0,0.988916,197.783133,197.783133,0.329639,0.329639,0.329639,3940.581687,-0.0,3940.581687
W6_P3,45.0,12,3.2598,6.528,14.08,20.608,8.360578,8.360578,0.627043,0.418029,0.0,-0.0,0.0,1.254087,250.817349,250.817349,0.418029,0.418029,0.418029,4760.198665,-0.0,4760.198665
W6_P3,45.0,13,2.6898,5.768,14.08,19.848,8.269012,8.269012,0.620176,0.413451,0.0,-0.0,0.0,1.240352,248.070361,248.070361,0.413451,0.413451,0.413451,4623.293364,-0.0,4623.293364
W6_P3,45.0,14,3.63,5.432,11.52,16.952,6.420241,6.420241,0.481518,0.321012,0.0,-0.0,0.0,0.963036,192.607229,192.607229,0.321012,0.321012,0.321012,3803.223277,-0.0,3803.223277
W6_P3,45.0,15,3.8202,5.368,7.04,12.408,4.138699,4.138699,0.310402,0.206935,0.0,-0.0,0.0,0.620805,124.160964,124.160964,0.206935,0.206935,0.206935,2685.295504,-0.0,2685.295504
W6_P3,45.0,16,3.75,6.656,5.12,11.776,3.867952,3.867952,0.290096,0.193398,0.0,-0.0,0.0,0.580193,116.038554,116.038554,0.193398,0.193398,0.193398,2580.368145,-0.0,2580.368145
W6_P3,45.0,17,3.1398,8.408,3.2,11.608,20.0,20.0,1.5,1.0,33.0318,0.0,0.0,3.0,600.0,600.0,1.0,1.0,1.0,26711.71532,0.0,26711.71532
W6_P3,45.0,18,2.61,10.808,1.28,12.088,4.567711,4.567711,0.342578,0.228386,0.0,-0.0,0.0,0.685157,137.031325,137.031325,0.228386,0.228386,0.228386,2917.412867,-0.0,2917.412867
W6_P3,45.0,19,2.1198,9.604,0.0,9.604,3.606843,3.606843,0.270513,0.180342,0.0,-0.0,0.0,0.541027,108.205301,108.205301,0.180342,0.180342,0.180342,2342.85187,-0.0,2342.85187
W6_P3,45.0,20,1.86,6.832,0.0,6.832,2.396145,2.396145,0.179711,0.119807,0.0,-0.0,0.0,0.359422,71.884337,71.884337,0.119807,0.119807,0.119807,1624.195566,-0.0,1624.195566
W6_P3,45.0,21,1.6302,8.384,0.0,8.384,3.254843,3.254843,0.244113,0.162742,0.0,-0.0,0.0,0.488227,97.645301,97.645301,0.162742,0.162742,0.162742,2071.79907,-0.0,2071.79907
W6_P3,45.0,22,1.56,7.688,0.0,7.688,20.0,20.0,1.5,1.0,35.372,0.0,0.0,3.0,600.0,600.0,1.0,1.0,1.0,27641.1528,0.0,27641.1528
W6_P3,45.0,23,1.4802,9.672,0.0,9.672,20.0,20.0,1.5,1.0,33.3082,0.0,0.0,3.0,600.0,600.0,1.0,1.0,1.0,17858.52768,0.0,17858.52768
W6_P3,36.0,0,1.3698,9.448,0.0,9.448,20.0,20.0,1.5,1.0,33.4218,0.0,0.0,3.0,600.0,600.0,1.0,1.0,1.0,17863.82432,0.0,17863.82432
W6_P3,36.0,1,1.0998,10.504,0.0,10.504,20.0,20.0,1.5,1.0,32.0958,0.0,0.0,3.0,600.0,600.0,1.0,1.0,1.0,17568.20192,0.0,17568.20192
W6_P3,36.0,2,0.7998,11.788,0.0,11.788,20.0,20.0,1.5,1.0,30.5118,0.0,0.0,3.0,600.0,600.0,1.0,1.0,1.0,17218.44032,0.0,17218.44032
W6_P3,36.0,3,0.99,11.504,0.0,11.504,20.0,20.0,1.5,1.0,30.986,0.0,0.0,3.0,600.0,600.0,1.0,1.0,1.0,17338.2064,0.0,17338.2064
W6_P3,36.0,4,1.1802,11.16,0.0,11.16,20.0,20.0,1.5,1.0,31.5202,0.0,0.0,3.0,600.0,600.0,1.0,1.0,1.0,17469.51648,0.0,17469.51648
W6_P3,36.0,5,1.6302,10.964,0.0,10.964,20.0,20.0,1.5,1.0,32.1662,0.0,0.0,3.0,600.0,600.0,1.0,1.0,1.0,17661.30688,0.0,17661.30688
W6_P3,36.0,6,2.5002,10.744,0.0,10.744,20.0,20.0,1.5,1.0,33.2562,0.0,0.0,3.0,600.0,600.0,1.0,1.0,1.0,18001.52288,0.0,18001.52288
W6_P3,36.0,7,3.3702,10.34,1.28,11.62,3.975807,3.975807,0.298186,0.19879,0.0,-0.0,0.0,0.596371,119.274217,119.274217,0.19879,0.19879,0.19879,2699.148178,-0.0,2699.148178
W6_P3,36.0,8,4.0098,9.672,3.2,12.872,4.27094,4.27094,0.32032,0.213547,0.0,-0.0,0.0,0.640641,128.128193,128.128193,0.213547,0.213547,0.213547,2903.175581,-0.0,2903.175581
W6_P3,36.0,9,4.2,6.948,5.12,12.068,3.791807,3.791807,0.284386,0.18959,0.0,-0.0,0.0,0.568771,113.754217,113.754217,0.18959,0.18959,0.18959,2605.120578,-0.0,2605.120578
W6_P3,36.0,10,4.1202,6.04,7.68,13.72,4.62641,4.62641,0.346981,0.23132,0.0,-0.0,0.0,0.693961,138.792289,138.792289,0.23132,0.23132,0.23132,2984.896371,-0.0,2984.896371
W6_P3,36.0,11,3.9,6.06,11.52,17.58,6.592771,6.592771,0.494458,0.329639,0.0,-0.0,0.0,0.988916,197.783133,197.783133,0.329639,0.329639,0.329639,3940.581687,-0.0,3940.581687
W6_P3,36.0,12,3.2598,6.528,14.08,20.608,8.360578,8.360578,0.627043,0.418029,0.0,-0.0,0.0,1.254087,250.817349,250.817349,0.418029,0.418029,0.418029,4760.198665,-0.0,4760.198665
W6_P3,36.0,13,2.6898,5.768,14.08,19.848,8.269012,8.269012,0.620176,0.413451,0.0,-0.0,0.0,1.240352,248.070361,248.070361,0.413451,0.413451,0.413451,4623.293364,-0.0,4623.293364
W6_P3,36.0,14,3.63,5.432,11.52,16.952,6.420241,6.420241,0.481518,0.321012,0.0,-0.0,0.0,0.963036,192.607229,192.607229,0.321012,0.321012,0.321012,3803.223277,-0.0,3803.223277
W6_P3,36.0,15,3.8202,5.368,7.04,12.408,8.964627,8.964627,0.672347,0.448231,10.0138,0.0,0.0,1.344694,268.938795,268.938795,0.448231,0.448231,0.448231,9974.88344,0.0,9974.88344
W6_P3,36.0,16,3.75,6.656,5.12,11.776,3.867952,3.867952,0.290096,0.193398,0.0,-0.0,0.0,0.580193,116.038554,116.038554,0.193398,0.193398,0.193398,2580.368145,-0.0,2580.368145
W6_P3,36.0,17,3.1398,8.408,3.2,11.608,4.08106,4.08106,0.30608,0.204053,0.0,-0.0,0.0,0.612159,122.431807,122.431807,0.204053,0.204053,0.204053,2666.077219,-0.0,2666.077219
W6_P3,36.0,18,2.61,10.808,1.28,12.088,4.567711,4.567711,0.342578,0.228386,0.0,-0.0,0.0,0.685157,137.031325,137.031325,0.228386,0.228386,0.228386,2917.412867,-0.0,2917.412867
W6_P3,36.0,19,2.1198,9.604,0.0,9.604,3.606843,3.606843,0.270513,0.180342,0.0,-0.0,0.0,0.541027,108.205301,108.205301,0.180342,0.180342,0.180342,2342.85187,-0.0,2342.85187
W6_P3,36.0,20,1.86,6.832,0.0,6.832,2.396145,2.396145,0.179711,0.119807,0.0,-0.0,0.0,0.359422,71.884337,71.884337,0.119807,0.119807,0.119807,1624.195566,-0.0,1624.195566
W6_P3,36.0,21,1.6302,8.384,0.0,8.384,3.254843,3.254843,0.244113,0.162742,0.0,-0.0,0.0,0.488227,97.645301,97.645301,0.162742,0.162742,0.162742,2071.79907,-0.0,2071.79907
W6_P3,36.0,22,1.56,7.688,0.0,7.688,2.953253,2.953253,0.221494,0.147663,0.0,-0.0,0.0,0.442988,88.59759,88.59759,0.147663,0.147663,0.147663,1891.956241,-0.0,1891.956241
W6_P3,36.0,23,1.4802,9.672,0.0,9.672,20.0,20.0,1.5,1.0,33.3082,0.0,0.0,3.0,600.0,600.0,1.0,1.0,1.0,17858.52768,0.0,17858.52768
W6_P4,72.0,0,1.3698,9.448,0.0,9.448,20.0,20.0,1.5,1.0,33.4218,0.0,0.0,3.0,600.0,600.0,1.0,1.0,1.0,17863.82432,0.0,17863.82432
W6_P4,72.0,1,1.0998,10.504,0.0,10.504,20.0,20.0,1.5,1.0,32.0958,0.0,0.0,3.0,600.0,600.0,1.0,1.0,1.0,17568.20192,0.0,17568.20192
W6_P4,72.0,2,0.7998,11.788,0.0,11.788,20.0,20.0,1.5,1.0,30.5118,0.0,0.0,3.0,600.0,600.0,1.0,1.0,1.0,17218.44032,0.0,17218.44032
W6_P4,72.0,3,0.99,11.504,0.0,11.504,20.0,20.0,1.5,1.0,30.986,0.0,0.0,3.0,600.0,600.0,1.0,1.0,1.0,17338.2064,0.0,17338.2064
W6_P4,72.0,4,1.1802,11.16,0.0,11.16,20.0,20.0,1.5,1.0,31.5202,0.0,0.0,3.0,600.0,600.0,1.0,1.0,1.0,17469.51648,0.0,17469.51648
W6_P4,72.0,5,1.6302,10.964,0.0,10.964,20.0,20.0,1.5,1.0,32.1662,0.0,0.0,3.0,600.0,600.0,1.0,1.0,1.0,17661.30688,0.0,17661.30688
W6_P4,72.0,6,2.5002,10.744,0.0,10.744,20.0,20.0,1.5,1.0,33.2562,0.0,0.0,3.0,600.0,600.0,1.0,1.0,1.0,18001.52288,0.0,18001.52288
W6_P4,72.0,7,3.3702,10.34,0.0,10.34,20.0,20.0,1.5,1.0,34.5302,0.0,0.0,3.0,600.0,600.0,1.0,1.0,1.0,27527.64348,0.0,27527.64348
W6_P4,72.0,8,4.0098,9.672,0.0,9.672,20.0,20.0,1.5,1.0,35.8378,0.0,0.0,3.0,600.0,600.0,1.0,1.0,1.0,28221.67972,0.0,28221.67972
W6_P4,72.0,9,4.2,6.948,0.0,6.948,20.0,20.0,1.5,1.0,38.752,0.0,0.0,3.0,600.0,600.0,1.0,1.0,1.0,29583.1648,0.0,29583.1648
W6_P4,72.0,10,4.1202,6.04,0.0,6.04,20.0,20.0,1.5,1.0,39.5802,0.0,0.0,3.0,600.0,600.0,1.0,1.0,1.0,37668.15248,0.0,37668.15248
W6_P4,72.0,11,3.9,6.06,1.28,7.34,20.0,20.0,1.5,1.0,38.06,0.0,0.0,3.0,600.0,600.0,1.0,1.0,1.0,36604.944,0.0,36604.944
W6_P4,72.0,12,3.2598,6.528,5.12,11.648,20.0,20.0,1.5,1.0,33.1118,0.0,0.0,3.0,600.0,600.0,1.0,1.0,1.0,33165.50832,0.0,33165.50832
W6_P4,72.0,13,2.6898,5.768,7.68,13.448,20.0,20.0,1.5,1.0,30.7418,0.0,0.0,3.0,600.0,600.0,1.0,1.0,1.0,31457.02032,0.0,31457.02032
W6_P4,72.0,14,3.63,5.432,5.12,10.552,20.0,20.0,1.5,1.0,34.578,0.0,0.0,3.0,600.0,600.0,1.0,1.0,1.0,34177.5872,0.0,34177.5872
W6_P4,72.0,15,3.8202,5.368,1.28,6.648,20.0,20.0,1.5,1.0,38.6722,0.0,0.0,3.0,600.0,600.0,1.0,1.0,1.0,29451.29428,0.0,29451.29428
W6_P4,72.0,16,3.75,6.656,0.0,6.656,20.0,20.0,1.5,1.0,38.594,0.0,0.0,3.0,600.0,600.0,1.0,1.0,1.0,29443.3956,0.0,29443.3956
W6_P4,72.0,17,3.1398,8.408,0.0,8.408,20.0,20.0,1.5,1.0,36.2318,0.0,0.0,3.0,600.0,600.0,1.0,1.0,1.0,28271.39532,0.0,28271.39532
W6_P4,72.0,18,2.61,10.808,0.0,10.808,20.0,20.0,1.5,1.0,33.302,0.0,0.0,3.0,600.0,600.0,1.0,1.0,1.0,33345.7248,0.0,33345.7248
W6_P4,72.0,19,2.1198,9.604,0.0,9.604,20.0,20.0,1.5,1.0,34.0158,0.0,0.0,3.0,600.0,600.0,1.0,1.0,1.0,33737.87792,0.0,33737.87792
W6_P4,72.0,20,1.86,6.832,0.0,6.832,20.0,20.0,1.5,1.0,36.528,0.0,0.0,3.0,600.0,600.0,1.0,1.0,1.0,35337.8672,0.0,35337.8672
W6_P4,72.0,21,1.6302,8.384,0.0,8.384,20.0,20.0,1.5,1.0,34.7462,0.0,0.0,3.0,600.0,600.0,1.0,1.0,1.0,27365.44188,0.0,27365.44188
W6_P4,72.0,22,1.56,7.688,0.0,7.688,20.0,20.0,1.5,1.0,35.372,0.0,0.0,3.0,600.0,600.0,1.0,1.0,1.0,27641.1528,0.0,27641.1528
W6_P4,72.0,23,1.4802,9.672,0.0,9.672,20.0,20.0,1.5,1.0,33.3082,0.0,0.0,3.0,600.0,600.0,1.0,1.0,1.0,17858.52768,0.0,17858.52768
W6_P4,63.0,0,1.3698,9.448,0.0,9.448,20.0,20.0,1.5,1.0,33.4218,0.0,0.0,3.0,600.0,600.0,1.0,1.0,1.0,17863.82432,0.0,17863.82432
W6_P4,63.0,1,1.0998,10.504,0.0,10.504,20.0,20.0,1.5,1.0,32.0958,0.0,0.0,3.0,600.0,600.0,1.0,1.0,1.0,17568.20192,0.0,17568.20192
W6_P4,63.0,2,0.7998,11.788,0.0,11.788,20.0,20.0,1.5,1.0,30.5118,0.0,0.0,3.0,600.0,600.0,1.0,1.0,1.0,17218.44032,0.0,17218.44032
W6_P4,63.0,3,0.99,11.504,0.0,11.504,20.0,20.0,1.5,1.0,30.986,0.0,0.0,3.0,600.0,600.0,1.0,1.0,1.0,17338.2064,0.0,17338.2064
W6_P4,63.0,4,1.1802,11.16,0.0,11.16,20.0,20.0,1.5,1.0,31.5202,0.0,0.0,3.0,600.0,600.0,1.0,1.0,1.0,17469.51648,0.0,17469.51648
W6_P4,63.0,5,1.6302,10.964,0.0,10.964,20.0,20.0,1.5,1.0,32.1662,0.0,0.0,3.0,600.0,600.0,1.0,1.0,1.0,17661.30688,0.0,17661.30688
W6_P4,63.0,6,2.5002,10.744,0.0,10.744,20.0,20.0,1.5,1.0,33.2562,0.0,0.0,3.0,600.0,600.0,1.0,1.0,1.0,18001.52288,0.0,18001.52288
W6_P4,63.0,7,3.3702,10.34,0.0,10.34,20.0,20.0,1.5,1.0,34.5302,0.0,0.0,3.0,600.0,600.0,1.0,1.0,1.0,27527.64348,0.0,27527.64348
W6_P4,63.0,8,4.0098,9.672,0.0,9.672,20.0,20.0,1.5,1.0,35.8378,0.0,0.0,3.0,600.0,600.0,1.0,1.0,1.0,28221.67972,0.0,28221.67972
W6_P4,63.0,9,4.2,6.948,0.0,6.948,20.0,20.0,1.5,1.0,38.752,0.0,0.0,3.0,600.0,600.0,1.0,1.0,1.0,29583.1648,0.0,29583.1648
W6_P4,63.0,10,4.1202,6.04,0.0,6.04,7.872578,7.872578,0.590443,0.393629,14.4158,0.0,0.0,1.180887,236.177349,236.177349,0.393629,0.393629,0.393629,14442.563385,0.0,14442.563385
W6_P4,63.0,11,3.9,6.06,1.28,7.34,20.0,20.0,1.5,1.0,38.06,0.0,0.0,3.0,600.0,600.0,1.0,1.0,1.0,36604.944,0.0,36604.944
W6_P4,63.0,12,3.2598,6.528,5.12,11.648,20.0,20.0,1.5,1.0,33.1118,0.0,0.0,3.0,600.0,600.0,1.0,1.0,1.0,33165.50832,0.0,33165.50832
W6_P4,63.0,13,2.6898,5.768,7.68,13.448,5.184675,5.184675,0.388851,0.259234,0.0,0.0,0.0,0.777701,155.540241,155.540241,0.259234,0.259234,0.259234,3083.746376,0.0,3083.746376
W6_P4,63.0,14,3.63,5.432,5.12,10.552,3.335904,3.335904,0.250193,0.166795,0.0,0.0,0.0,0.500386,100.077108,100.077108,0.166795,0.166795,0.166795,2263.676289,0.0,2263.676289
W6_P4,63.0,15,3.8202,5.368,1.28,6.648,20.0,20.0,1.5,1.0,38.6722,0.0,0.0,3.0,600.0,600.0,1.0,1.0,1.0,29451.29428,0.0,29451.29428
W6_P4,63.0,16,3.75,6.656,0.0,6.656,20.0,20.0,1.5,1.0,38.594,0.0,0.0,3.0,600.0,600.0,1.0,1.0,1.0,29443.3956,0.0,29443.3956
W6_P4,63.0,17,3.1398,8.408,0.0,8.408,20.0,20.0,1.5,1.0,36.2318,0.0,0.0,3.0,600.0,600.0,1.0,1.0,1.0,28271.39532,0.0,28271.39532
W6_P4,63.0,18,2.61,10.808,0.0,10.808,20.0,20.0,1.5,1.0,33.302,0.0,0.0,3.0,600.0,600.0,1.0,1.0,1.0,33345.7248,0.0,33345.7248
W6_P4,63.0,19,2.1198,9.604,0.0,9.604,3.606843,3.606843,0.270513,0.180342,0.0,0.0,0.0,0.541027,108.205301,108.205301,0.180342,0.180342,0.180342,2342.85187,0.0,2342.85187
W6_P4,63.0,20,1.86,6.832,0.0,6.832,20.0,20.0,1.5,1.0,36.528,0.0,0.0,3.0,600.0,600.0,1.0,1.0,1.0,35337.8672,0.0,35337.8672
W6_P4,63.0,21,1.6302,8.384,0.0,8.384,20.0,20.0,1.5,1.0,34.7462,0.0,0.0,3.0,600.0,600.0,1.0,1.0,1.0,27365.44188,0.0,27365.44188
W6_P4,63.0,22,1.56,7.688,0.0,7.688,20.0,20.0,1.5,1.0,35.372,0.0,0.0,3.0,600.0,600.0,1.0,1.0,1.0,27641.1528,0.0,27641.1528
W6_P4,63.0,23,1.4802,9.672,0.0,9.672,20.0,20.0,1.5,1.0,33.3082,0.0,0.0,3.0,600.0,600.0,1.0,1.0,1.0,17858.52768,0.0,17858.52768
W6_P4,54.0,0,1.3698,9.448,0.0,9.448,20.0,20.0,1.5,1.0,33.4218,0.0,0.0,3.0,600.0,600.0,1.0,1.0,1.0,17863.82432,0.0,17863.82432
W6_P4,54.0,1,1.0998,10.504,0.0,10.504,20.0,20.0,1.5,1.0,32.0958,0.0,0.0,3.0,600.0,600.0,1.0,1.0,1.0,17568.20192,0.0,17568.20192
W6_P4,54.0,2,0.7998,11.788,0.0,11.788,20.0,20.0,1.5,1.0,30.5118,0.0,0.0,3.0,600.0,600.0,1.0,1.0,1.0,17218.44032,0.0,17218.44032
W6_P4,54.0,3,0.99,11.504,0.0,11.504,20.0,20.0,1.5,1.0,30.986,0.0,0.0,3.0,600.0,600.0,1.0,1.0,1.0,17338.2064,0.0,17338.2064
W6_P4,54.0,4,1.1802,11.16,0.0,11.16,20.0,20.0,1.5,1.0,31.5202,0.0,0.0,3.0,600.0,600.0,1.0,1.0,1.0,17469.51648,0.0,17469.51648
W6_P4,54.0,5,1.6302,10.964,0.0,10.964,20.0,20.0,1.5,1.0,32.1662,0.0,0.0,3.0,600.0,600.0,1.0,1.0,1.0,17661.30688,0.0,17661.30688
W6_P4,54.0,6,2.5002,10.744,0.0,10.744,20.0,20.0,1.5,1.0,33.2562,0.0,0.0,3.0,600.0,600.0,1.0,1.0,1.0,18001.52288,0.0,18001.52288
W6_P4,54.0,7,3.3702,10.34,0.0,10.34,20.0,20.0,1.5,1.0,34.5302,0.0,0.0,3.0,600.0,600.0,1.0,1.0,1.0,27527.64348,0.0,27527.64348
W6_P4,54.0,8,4.0098,9.672,0.0,9.672,20.0,20.0,1.5,1.0,35.8378,0.0,0.0,3.0,600.0,600.0,1.0,1.0,1.0,28221.67972,0.0,28221.67972
W6_P4,54.0,9,4.2,6.948,0.0,6.948,20.0,20.0,1.5,1.0,38.752,0.0,0.0,3.0,600.0,600.0,1.0,1.0,1.0,29583.1648,0.0,29583.1648
W6_P4,54.0,10,4.1202,6.04,0.0,6.04,2.0,2.0,0.15,0.1,2.2302,0.0,0.0,0.3,60.0,60.0,0.1,0.1,0.1,3195.81248,0.0,3195.81248
W6_P4,54.0,11,3.9,6.06,1.28,7.34,2.0,2.0,0.15,0.1,0.71,0.0,0.0,0.3,60.0,60.0,0.1,0.1,0.1,2132.604,0.0,2132.604
W6_P4,54.0,12,3.2598,6.528,5.12,11.648,4.042506,4.042506,0.303188,0.202125,0.0,-0.0,0.0,0.606376,121.275181,121.275181,0.202125,0.202125,0.202125,2604.832882,-0.0,2604.832882
W6_P4,54.0,13,2.6898,5.768,7.68,13.448,5.184675,5.184675,0.388851,0.259234,0.0,-0.0,0.0,0.777701,155.540241,155.540241,0.259234,0.259234,0.259234,3083.746376,-0.0,3083.746376
W6_P4,54.0,14,3.63,5.432,5.12,10.552,3.335904,3.335904,0.250193,0.166795,0.0,-0.0,0.0,0.500386,100.077108,100.077108,0.166795,0.166795,0.166795,2263.676289,-0.0,2263.676289
W6_P4,54.0,15,3.8202,5.368,1.28,6.648,20.0,20.0,1.5,1.0,38.6722,0.0,0.0,3.0,600.0,600.0,1.0,1.0,1.0,29451.29428,0.0,29451.29428
W6_P4,54.0,16,3.75,6.656,0.0,6.656,20.0,20.0,1.5,1.0,38.594,0.0,0.0,3.0,600.0,600.0,1.0,1.0,1.0,29443.3956,0.0,29443.3956
W6_P4,54.0,17,3.1398,8.408,0.0,8.408,20.0,20.0,1.5,1.0,36.2318,0.0,0.0,3.0,600.0,600.0,1.0,1.0,1.0,28271.39532,0.0,28271.39532
W6_P4,54.0,18,2.61,10.808,0.0,10.808,3.950843,3.950843,0.296313,0.197542,0.0,-0.0,0.0,0.592627,118.525301,118.525301,0.197542,0.197542,0.197542,2609.50347,-0.0,2609.50347
W6_P4,54.0,19,2.1198,9.604,0.0,9.604,3.606843,3.606843,0.270513,0.180342,0.0,-0.0,0.0,0.541027,108.205301,108.205301,0.180342,0.180342,0.180342,2342.85187,-0.0,2342.85187
W6_P4,54.0,20,1.86,6.832,0.0,6.832,15.879229,15.879229,1.190942,0.793961,27.9774,0.0,0.0,2.381884,476.376867,476.376867,0.793961,0.793961,0.793961,27446.054873,0.0,27446.054873
W6_P4,54.0,21,1.6302,8.384,0.0,8.384,20.0,20.0,1.5,1.0,34.7462,0.0,0.0,3.0,600.0,600.0,1.0,1.0,1.0,27365.44188,0.0,27365.44188
W6_P4,54.0,22,1.56,7.688,0.0,7.688,20.0,20.0,1.5,1.0,35.372,0.0,0.0,3.0,600.0,600.0,1.0,1.0,1.0,27641.1528,0.0,27641.1528
W6_P4,54.0,23,1.4802,9.672,0.0,9.672,20.0,20.0,1.5,1.0,33.3082,0.0,0.0,3.0,600.0,600.0,1.0,1.0,1.0,17858.52768,0.0,17858.52768
W6_P4,45.0,0,1.3698,9.448,0.0,9.448,20.0,20.0,1.5,1.0,33.4218,0.0,0.0,3.0,600.0,600.0,1.0,1.0,1.0,17863.82432,0.0,17863.82432
W6_P4,45.0,1,1.0998,10.504,0.0,10.504,20.0,20.0,1.5,1.0,32.0958,0.0,0.0,3.0,600.0,600.0,1.0,1.0,1.0,17568.20192,0.0,17568.20192
W6_P4,45.0,2,0.7998,11.788,0.0,11.788,20.0,20.0,1.5,1.0,30.5118,0.0,0.0,3.0,600.0,600.0,1.0,1.0,1.0,17218.44032,0.0,17218.44032
W6_P4,45.0,3,0.99,11.504,0.0,11.504,20.0,20.0,1.5,1.0,30.986,0.0,0.0,3.0,600.0,600.0,1.0,1.0,1.0,17338.2064,0.0,17338.2064
W6_P4,45.0,4,1.1802,11.16,0.0,11.16,20.0,20.0,1.5,1.0,31.5202,0.0,0.0,3.0,600.0,600.0,1.0,1.0,1.0,17469.51648,0.0,17469.51648
W6_P4,45.0,5,1.6302,10.964,0.0,10.964,20.0,20.0,1.5,1.0,32.1662,0.0,0.0,3.0,600.0,600.0,1.0,1.0,1.0,17661.30688,0.0,17661.30688
W6_P4,45.0,6,2.5002,10.744,0.0,10.744,20.0,20.0,1.5,1.0,33.2562,0.0,0.0,3.0,600.0,600.0,1.0,1.0,1.0,18001.52288,0.0,18001.52288
W6_P4,45.0,7,3.3702,10.34,0.0,10.34,3.35894,3.35894,0.25192,0.167947,0.0,0.0,0.0,0.503841,100.768193,100.768193,0.167947,0.167947,0.167947,2391.238781,0.0,2391.238781
W6_P4,45.0,8,4.0098,9.672,0.0,9.672,20.0,20.0,1.5,1.0,35.8378,0.0,0.0,3.0,600.0,600.0,1.0,1.0,1.0,28221.67972,0.0,28221.67972
W6_P4,45.0,9,4.2,6.948,0.0,6.948,6.869301,6.869301,0.515198,0.343465,11.5058,0.0,0.0,1.030395,206.079036,206.079036,0.343465,0.343465,0.343465,9749.178616,0.0,9749.178616
W6_P4,45.0,10,4.1202,6.04,0.0,6.04,2.0,2.0,0.15,0.1,2.2302,0.0,0.0,0.3,60.0,60.0,0.1,0.1,0.1,3195.81248,0.0,3195.81248
W6_P4,45.0,11,3.9,6.06,1.28,7.34,2.0,2.0,0.15,0.1,0.71,0.0,0.0,0.3,60.0,60.0,0.1,0.1,0.1,2132.604,0.0,2132.604
W6_P4,45.0,12,3.2598,6.528,5.12,11.648,4.042506,4.042506,0.303188,0.202125,0.0,0.0,0.0,0.606376,121.275181,121.275181,0.202125,0.202125,0.202125,2604.832882,0.0,2604.832882
W6_P4,45.0,13,2.6898,5.768,7.68,13.448,5.184675,5.184675,0.388851,0.259234,0.0,0.0,0.0,0.777701,155.540241,155.540241,0.259234,0.259234,0.259234,3083.746376,0.0,3083.746376
W6_P4,45.0,14,3.63,5.432,5.12,10.552,3.335904,3.335904,0.250193,0.166795,0.0,0.0,0.0,0.500386,100.077108,100.077108,0.166795,0.166795,0.166795,2263.676289,0.0,2263.676289
W6_P4,45.0,15,3.8202,5.368,1.28,6.648,20.0,20.0,1.5,1.0,38.6722,0.0,0.0,3.0,600.0,600.0,1.0,1.0,1.0,29451.29428,0.0,29451.29428
W6_P4,45.0,16,3.75,6.656,0.0,6.656,20.0,20.0,1.5,1.0,38.594,0.0,0.0,3.0,600.0,600.0,1.0,1.0,1.0,29443.3956,0.0,29443.3956
W6_P4,45.0,17,3.1398,8.408,0.0,8.408,20.0,20.0,1.5,1.0,36.2318,0.0,0.0,3.0,600.0,600.0,1.0,1.0,1.0,28271.39532,0.0,28271.39532
W6_P4,45.0,18,2.61,10.808,0.0,10.808,3.950843,3.950843,0.296313,0.197542,0.0,0.0,0.0,0.592627,118.525301,118.525301,0.197542,0.197542,0.197542,2609.50347,0.0,2609.50347
W6_P4,45.0,19,2.1198,9.604,0.0,9.604,3.606843,3.606843,0.270513,0.180342,0.0,0.0,0.0,0.541027,108.205301,108.205301,0.180342,0.180342,0.180342,2342.85187,0.0,2342.85187
W6_P4,45.0,20,1.86,6.832,0.0,6.832,2.396145,2.396145,0.179711,0.119807,0.0,0.0,0.0,0.359422,71.884337,71.884337,0.119807,0.119807,0.119807,1624.195566,0.0,1624.195566
W6_P4,45.0,21,1.6302,8.384,0.0,8.384,3.254843,3.254843,0.244113,0.162742,0.0,0.0,0.0,0.488227,97.645301,97.645301,0.162742,0.162742,0.162742,2071.79907,0.0,2071.79907
W6_P4,45.0,22,1.56,7.688,0.0,7.688,20.0,20.0,1.5,1.0,35.372,0.0,0.0,3.0,600.0,600.0,1.0,1.0,1.0,27641.1528,0.0,27641.1528
W6_P4,45.0,23,1.4802,9.672,0.0,9.672,20.0,20.0,1.5,1.0,33.3082,0.0,0.0,3.0,600.0,600.0,1.0,1.0,1.0,17858.52768,0.0,17858.52768
W6_P4,36.0,0,1.3698,9.448,0.0,9.448,20.0,20.0,1.5,1.0,33.4218,0.0,0.0,3.0,600.0,600.0,1.0,1.0,1.0,17863.82432,0.0,17863.82432
W6_P4,36.0,1,1.0998,10.504,0.0,10.504,20.0,20.0,1.5,1.0,32.0958,0.0,0.0,3.0,600.0,600.0,1.0,1.0,1.0,17568.20192,0.0,17568.20192
W6_P4,36.0,2,0.7998,11.788,0.0,11.788,20.0,20.0,1.5,1.0,30.5118,0.0,0.0,3.0,600.0,600.0,1.0,1.0,1.0,17218.44032,0.0,17218.44032
W6_P4,36.0,3,0.99,11.504,0.0,11.504,20.0,20.0,1.5,1.0,30.986,0.0,0.0,3.0,600.0,600.0,1.0,1.0,1.0,17338.2064,0.0,17338.2064
W6_P4,36.0,4,1.1802,11.16,0.0,11.16,20.0,20.0,1.5,1.0,31.5202,0.0,0.0,3.0,600.0,600.0,1.0,1.0,1.0,17469.51648,0.0,17469.51648
W6_P4,36.0,5,1.6302,10.964,0.0,10.964,20.0,20.0,1.5,1.0,32.1662,0.0,0.0,3.0,600.0,600.0,1.0,1.0,1.0,17661.30688,0.0,17661.30688
W6_P4,36.0,6,2.5002,10.744,0.0,10.744,20.0,20.0,1.5,1.0,33.2562,0.0,0.0,3.0,600.0,600.0,1.0,1.0,1.0,18001.52288,0.0,18001.52288
W6_P4,36.0,7,3.3702,10.34,0.0,10.34,3.35894,3.35894,0.25192,0.167947,0.0,-0.0,0.0,0.503841,100.768193,100.768193,0.167947,0.167947,0.167947,2391.238781,-0.0,2391.238781
W6_P4,36.0,8,4.0098,9.672,0.0,9.672,2.728771,2.728771,0.204658,0.136439,0.0,0.0,0.0,0.409316,81.863133,81.863133,0.136439,0.136439,0.136439,2133.402087,0.0,2133.402087
W6_P4,36.0,9,4.2,6.948,0.0,6.948,2.0,2.0,0.15,0.1,1.402,0.0,0.0,0.3,60.0,60.0,0.1,0.1,0.1,2394.0748,0.0,2394.0748
W6_P4,36.0,10,4.1202,6.04,0.0,6.04,2.0,2.0,0.15,0.1,2.2302,0.0,0.0,0.3,60.0,60.0,0.1,0.1,0.1,3195.81248,0.0,3195.81248
W6_P4,36.0,11,3.9,6.06,1.28,7.34,2.0,2.0,0.15,0.1,0.71,0.0,0.0,0.3,60.0,60.0,0.1,0.1,0.1,2132.604,0.0,2132.604
W6_P4,36.0,12,3.2598,6.528,5.12,11.648,4.042506,4.042506,0.303188,0.202125,0.0,-0.0,0.0,0.606376,121.275181,121.275181,0.202125,0.202125,0.202125,2604.832882,-0.0,2604.832882
W6_P4,36.0,13,2.6898,5.768,7.68,13.448,5.184675,5.184675,0.388851,0.259234,0.0,-0.0,0.0,0.777701,155.540241,155.540241,0.259234,0.259234,0.259234,3083.746376,-0.0,3083.746376
W6_P4,36.0,14,3.63,5.432,5.12,10.552,3.335904,3.335904,0.250193,0.166795,0.0,-0.0,0.0,0.500386,100.077108,100.077108,0.166795,0.166795,0.166795,2263.676289,-0.0,2263.676289
W6_P4,36.0,15,3.8202,5.368,1.28,6.648,2.0,2.0,0.15,0.1,1.3222,0.0,0.0,0.3,60.0,60.0,0.1,0.1,0.1,2262.20428,0.0,2262.20428
W6_P4,36.0,16,3.75,6.656,0.0,6.656,17.601639,17.601639,1.320123,0.880082,33.6174,0.0,0.0,2.640246,528.049157,528.049157,0.880082,0.880082,0.880082,25820.658644,0.0,25820.658644
W6_P4,36.0,17,3.1398,8.408,0.0,8.408,2.538892,2.538892,0.190417,0.126945,0.0,-0.0,0.0,0.380834,76.166747,76.166747,0.126945,0.126945,0.126945,1896.303725,-0.0,1896.303725
W6_P4,36.0,18,2.61,10.808,0.0,10.808,3.950843,3.950843,0.296313,0.197542,0.0,-0.0,0.0,0.592627,118.525301,118.525301,0.197542,0.197542,0.197542,2609.50347,-0.0,2609.50347
W6_P4,36.0,19,2.1198,9.604,0.0,9.604,3.606843,3.606843,0.270513,0.180342,0.0,-0.0,0.0,0.541027,108.205301,108.205301,0.180342,0.180342,0.180342,2342.85187,-0.0,2342.85187
W6_P4,36.0,20,1.86,6.832,0.0,6.832,2.396145,2.396145,0.179711,0.119807,0.0,-0.0,0.0,0.359422,71.884337,71.884337,0.119807,0.119807,0.119807,1624.195566,-0.0,1624.195566
W6_P4,36.0,21,1.6302,8.384,0.0,8.384,3.254843,3.254843,0.244113,0.162742,0.0,-0.0,0.0,0.488227,97.645301,97.645301,0.162742,0.162742,0.162742,2071.79907,-0.0,2071.79907
W6_P4,36.0,22,1.56,7.688,0.0,7.688,20.0,20.0,1.5,1.0,35.372,0.0,0.0,3.0,600.0,600.0,1.0,1.0,1.0,27641.1528,0.0,27641.1528
W6_P4,36.0,23,1.4802,9.672,0.0,9.672,20.0,20.0,1.5,1.0,33.3082,0.0,0.0,3.0,600.0,600.0,1.0,1.0,1.0,17858.52768,0.0,17858.52768
